PENNSYLVANIA,,,,,,,,,,,,,,,,,,,,,,,,,,,,,,,,,,,,,,,,,,,,,,,,,,,,,,,,,,,,,,,,,,,,,,,,,,,,,,,,,,,,,,,,,,,,,,,,,,,,,,,,,,,,,,,,,,,,,,,,,,,,,,,,,,,,,,,,,,,,,,,,,,,,,,,
"Individual Income Tax Returns: 
Selected Income and Tax Items by State, 
Congressional district, and Size of Adjusted Gross Income, 
Tax Year 2018                                                                                                                                                                                                                                                                                                                                            ",,,,,,,,,,,,,,,,,,,,,,,,,,,,,,,,,,,,,,,,,,,,,,,,,,,,,,,,,,,,,,,,,,,,,,,,,,,,,,,,,,,,,,,,,,,,,,,,,,,,,,,,,,,,,,,,,,,,,,,,,,,,,,,,,,,,,,,,,,,,,,,,,,,,,,,
[Money amounts are in thousands of dollars],,,,,,,,,,,,,,,,,,,,,,,,,,,,,,,,,,,,,,,,,,,,,,,,,,,,,,,,,,,,,,,,,,,,,,,,,,,,,,,,,,,,,,,,,,,,,,,,,,,,,,,,,,,,,,,,,,,,,,,,,,,,,,,,,,,,,,,,,,,,,,,,,,,,,,,
"Congressional
district [1]",Size of adjusted gross income by congressional district,Number of returns,Number of single returns,Number of joint returns,Number of head of household returns,Number of electronically filed returns,Number of computer prepared paper returns,Number with paid preparer's signature,Number of returns with direct deposit,"Number of 
individuals [2]",Number of dependents,Number of volunteer prepared returns [3],,,,Number of refund anticipation check returns [4],Number of elderly returns [5],Adjusted gross income (AGI) [6],Total income,,Salaries and wages in AGI,,Taxable interest,,Ordinary dividends,,Qualified dividends [7],,"State and local income tax refunds
",,"Business or profession
net income (less loss)",,Net capital gain (less loss) in AGI,,"Taxable IRA, pensions and annuities",,"Number of 
farm returns",Unemployment compensation [8],,Taxable Social Security benefits,,Partnership/S-corp net income (less loss),,Total statuory adjustments,,Educator expenses,,Self-employed (Keogh) retirement plans,,Self-employed health insurance deduction,,Individual retirement arrangement payments,,Student loan interest deduction,,Total standard deduction,,Basic standard deduction,,Additional standard deduction,,Total itemized deductions,,,"Total medical and dental 
expenses deduction",,State and local income taxes,,State and local general sales taxes,,Real estate taxes,,Personal property taxes,,Limited state and local taxes paid,,Total taxes paid,,Home mortgage interest paid ,,"Home mortgage interest paid 
to personal seller",,Deductible points,,Investment interest paid,,Total charitable contributions,,Other non-limited miscellaneous deduction,,"Qualified business income deduction
",,Taxable income,,Income tax before credits,,Alternative minimum tax,,"Excess advance 
premium tax credit repayment",,Total tax credits,,Foreign tax credit,,Child and dependent care credit,,Nonrefundable education credit,,Retirement savings contributions credit,,Child and other dependent credit,,Residential energy tax credit,,Self-employment tax,,Total premium tax credit,,Advance premium tax credit,,"Health care individual 
responsibility payment",,Total tax payments,,Earned income credit [9],,"Excess earned income credit 
(refundable) [10]",,Additional child tax credit,,Refundable education credit,,Net premium tax credit,,Income tax after credits,,Total tax liability [11],,Total additional Medicare tax,,Net investment income tax,,Tax due at time of filing [12],,Total overpayments,,Overpayments refunded [13],,Credited to next year's estimated tax,,
,,,,,,,,,,,,Total,Number of volunteer income tax assistance (VITA) prepared returns,Number of tax counseling for the elderly (TCE) prepared returns,"Number of volunteer prepared 
returns with
Earned Income Credit",,,,Number of returns,Amount,Number of returns,Amount,Number of returns,Amount,Number of returns,Amount,Number of returns,Amount,Number of returns,Amount,Number of returns,Amount,Number of returns,Amount,Number of returns,Amount,,Number of returns,Amount,Number of returns,Amount,Number of returns,Amount,Number of returns,Amount,Number of returns,Amount,Number of returns,Amount,Number of returns,Amount,Number of returns,Amount,Number of returns,Amount,Number of returns,Amount,Number of returns,Amount,Number of returns,Amount,Number of returns,Amount,Amount of AGI,Number of returns,Amount,Number of returns,Amount,Number of returns,Amount,Number of returns,Amount,Number of returns,Amount,Number of returns,Amount,Number of returns,Amount,Number of returns,Amount,Number of returns,Amount,Number of returns,Amount,Number of returns,Amount,Number of returns,Amount,Number of returns,Amount,Number of returns,Amount,Number of returns,Amount,Number of returns,Amount,Number of returns,Amount,Number of returns,Amount,Number of returns,Amount,Number of returns,Amount,Number of returns,Amount,Number of returns,Amount,Number of returns,Amount,Number of returns,Amount,Number of returns,Amount,Number of returns,Amount,Number of returns,Amount,Number of returns,Amount,Number of returns,Amount,Number of returns,Amount,Number of returns,Amount,Number of returns,Amount,Number of returns,Amount,Number of returns,Amount,Number of returns,Amount,Number of returns,Amount,Number of returns,Amount,Number of returns,Amount,Number of returns,Amount,Number of returns,Amount,Number of returns,Amount,Number of returns,Amount,Number of returns,Amount,
,,(1),(2),(3),(4),(5),(6),(7),(8),(9),(10),(11),(12),(13),(14),(15),(16),(17),(18),(19),(20),(21),(22),(23),(24),(25),(26),(27),(28),(29),(30),(31),(32),(33),(34),(35),(36),(37),(38),(39),(40),(41),(42),(43),(44),(45),(46),(47),(48),(49),(50),(51),(52),(53),(54),(55),(56),(57),(58),(59),(60),(61),(62),(63),(64),(65),(66),(67),(68),(69),(70),(71),(72),(73),(74),(75),(76),(77),(78),(79),(80),(81),(82),(83),(84),(85),(86),(87),(88),(89),(90),(91),(92),(93),(94),(95),(96),(97),(98),(99),(100),(101),(102),(103),(104),(105),(106),(107),(108),(109),(110),(111),(112),(113),(114),(115),(116),(117),(118),(119),(120),(121),(122),(123),(124),(125),(126),(127),(128),(129),(130),(131),(132),(133),(134),(135),(136),(137),(138),(139),(140),(141),(142),(143),(144),(145),(146),(147),(148),(149),
00,Total,"6,244,390","3,118,740","2,268,080","728,080","5,545,690","384,180","3,152,660","3,809,380","11,306,070","3,266,580","166,340","89,480","77,000","22,910","750,380","1,762,840","449,893,615","6,223,350","455,102,045","5,097,390","308,532,931","2,036,110","4,043,346","1,383,090","11,144,685","1,285,450","8,283,522","482,160","493,083","840,760","13,941,716","1,104,370","27,244,866","1,658,550","45,650,769","42,670","298,360","1,439,352","1,024,370","15,905,307","315,070","20,259,865","1,484,400","5,208,430","139,010","35,565","38,420","902,797","151,150","1,258,308","105,850","508,363","639,780","735,836","5,625,700","94,528,987","5,625,700","92,325,700","1,127,910","2,203,222","553,180","18,357,632","128,894,605","143,480","2,922,997","470,640","5,091,134","69,560","73,091","484,590","3,423,428","54,470","53,103","520,340","4,200,430","549,180","4,565,085","417,390","4,456,087","8,180","58,246","21,560","13,233","25,430","369,804","460,760","5,028,726","28,790","747,579","703,210","5,271,351","4,878,300","342,886,203","4,843,440","60,252,635","6,820","78,878","97,710","174,613","2,158,940","4,495,785","384,930","358,550","240,770","138,378","336,720","396,743","375,730","67,542","1,450,510","3,136,163","17,930","42,508","661,250","2,234,794","203,120","1,840,492","227,260","2,008,791","124,050","91,805","5,908,400","69,946,945","903,950","2,059,240","802,680","1,846,057","650,690","1,120,037","273,930","259,079","68,890","71,072","4,282,160","55,725,735","4,557,510","59,445,160","159,730","306,344","183,760","819,711","1,079,040","5,788,651","4,932,020","16,173,548","4,792,590","13,120,772","187,230","3,012,791",
00,Under $1,"65,420","41,520","19,450","2,370","43,560","12,790","39,800","13,760","95,360","15,470",680,470,210,0,"1,500","32,850","-4,417,287","44,400","-4,365,342","12,040","454,070","19,310","76,465","14,680","97,856","13,290","65,064","1,080","3,242","20,390","-228,417","18,960","292,544","10,770","144,973","4,320",400,"1,856",0,0,"10,120","-1,217,536","11,210","51,945",0,0,60,401,"2,960","18,643",140,749,"2,820","3,508",0,0,0,0,0,0,0,0,0,0,0,0,0,0,0,0,0,0,0,0,0,0,0,0,0,0,0,0,0,0,0,0,0,0,0,0,0,0,0,"1,390","2,459",110,"1,383","1,150",339,90,93,0,0,0,0,20,6,0,0,90,56,0,0,"6,380","15,226","6,210","69,558","6,700","70,383",0,0,"28,310","164,134","4,310","4,751","2,560","3,089","1,810","3,501","2,470","2,365","3,710","4,737","1,180","2,152","8,640","21,938",330,459,0,0,"4,850","7,430","26,030","149,804","24,270","109,407","2,490","28,049",
00,"$1 under $10,000","893,920","758,600","66,970","58,840","763,100","71,330","374,520","442,240","747,960","140,310","51,050","25,870","25,200","9,680","69,760","206,800","4,382,305","893,900","4,458,763","657,430","3,261,865","163,780","72,520","105,620","110,879","95,090","68,279","2,550","1,131","86,180","291,404","75,440","49,179","151,180","708,551","2,790","13,310","39,999","2,380","9,442","8,520","-24,208","88,410","76,458",840,181,30,106,"6,640","21,485","1,540","4,949","15,350","14,967","885,440","9,276,969","885,440","8,973,405","167,200","303,565","8,440","194,025","42,969","6,520","128,963","3,250","5,231","3,360","1,554","4,850","26,082",480,294,"6,920","26,063","7,630","29,664","3,300","25,453",60,427,0,0,200,342,"4,070","5,321",90,504,"1,470","1,042","31,820","58,881","21,300","5,240",0,0,"5,000","1,876","4,030",558,"2,620",95,0,0,260,78,0,0,400,195,0,0,"70,680","50,781","20,710","194,969","21,730","196,930",110,57,"730,320","562,139","227,540","231,288","201,880","210,669","63,300","41,143","22,140","19,352","9,390","7,947","20,070","4,754","98,000","58,276",0,0,0,0,"55,700","25,643","699,150","529,855","695,530","522,585","4,770","6,701",
00,"$10,000 under $25,000","1,141,460","746,150","161,100","213,580","1,019,910","64,660","519,300","799,340","1,727,550","516,070","53,810","30,480","23,350","8,720","215,480","305,190","19,614,424","1,141,460","19,888,851","872,030","14,240,759","213,410","162,074","130,330","257,618","118,080","158,850","8,280","3,149","152,880","1,335,257","92,330","188,648","268,010","3,094,575","5,180","62,910","255,533","122,880","227,071","17,930","33,305","202,520","274,427","5,160","1,151",640,"3,602","14,280","48,139","7,670","24,652","66,500","66,257","1,120,230","16,873,180","1,120,230","16,427,294","236,460","445,887","21,220","516,334","382,921","16,160","312,703","9,970","14,708","8,610","5,070","13,790","68,484","1,630","1,382","18,470","75,011","20,180","86,822","9,230","66,418",30,206,330,84,290,699,"13,210","35,662",940,"8,073","55,620","40,724","721,690","4,077,460","711,970","411,101",100,464,"17,410","7,556","257,490","87,817","11,300",549,"14,960","5,110","49,750","24,928","90,400","14,594","111,660","41,985",670,347,"128,560","217,669","64,810","550,511","66,570","552,151","37,390","19,962","1,065,320","3,026,773","377,410","1,195,690","336,330","1,080,284","248,980","425,424","47,950","41,724","25,380","21,422","534,770","323,284","640,880","567,630",20,21,0,0,"90,210","99,356","1,007,910","2,555,640","1,000,620","2,535,868","10,600","18,849",
00,"$25,000 under $50,000","1,458,230","842,800","299,870","269,270","1,314,720","75,060","676,640","1,051,910","2,460,880","718,030","41,350","25,120","16,220","4,510","257,510","346,940","53,211,348","1,458,230","53,849,731","1,245,160","42,614,202","319,490","256,155","192,670","470,501","176,560","306,620","36,490","10,766","151,040","1,566,593","142,220","440,190","322,900","5,729,054","8,460","82,900","414,254","264,340","1,889,429","33,390","236,431","334,270","638,383","18,980","4,448","1,760","13,721","23,440","104,490","24,600","93,702","194,920","226,632","1,403,660","22,230,775","1,403,660","21,786,996","227,130","443,778","54,560","1,274,142","2,108,512","30,770","543,853","38,030","85,758","13,360","11,030","39,340","187,847","7,140","11,161","48,990","251,363","53,520","286,305","30,660","220,755",900,"5,228","1,190","1,029",860,"1,804","39,990","171,979","2,820","30,054","126,840","207,152","1,443,550","29,482,167","1,431,540","3,217,116",60,344,"42,390","35,320","588,520","676,640","39,100","2,443","54,110","33,574","93,420","104,394","223,690","42,396","376,830","484,351","5,170","5,756","111,820","278,862","83,950","719,584","87,740","748,838","55,740","34,303","1,424,430","5,892,148","287,910","624,784","256,780","549,927","261,600","517,176","58,460","52,657","23,670","25,525","1,132,130","2,540,490","1,192,390","2,874,010",160,195,0,0,"170,590","249,228","1,278,200","3,257,165","1,264,400","3,215,092","20,280","42,051",
00,"$50,000 under $75,000","895,590","408,510","353,650","105,450","799,790","50,570","470,620","589,570","1,708,940","462,390","12,320","5,280","7,100",0,"105,010","271,370","55,131,919","895,590","55,738,674","760,150","41,837,511","305,170","284,565","191,880","615,463","177,260","415,671","65,140","18,677","111,260","1,342,227","145,890","633,916","265,810","6,702,564","6,580","52,960","272,786","209,830","3,342,526","33,900","362,499","255,390","606,755","23,000","5,573","2,310","21,475","19,030","116,529","22,800","102,946","144,530","172,705","814,130","14,707,530","814,130","14,381,607","168,400","325,927","81,470","1,842,983","5,121,128","29,710","540,983","66,400","214,848","12,930","12,240","68,890","324,596","10,050","12,777","75,630","491,510","80,920","529,087","58,930","430,131","1,280","7,076","2,240","1,837","1,170","2,586","61,900","272,492","3,710","42,235","108,770","273,754","893,200","38,266,457","891,120","4,710,808",70,228,"18,710","49,277","348,890","719,130","50,100","4,803","31,180","17,585","59,690","78,362","61,640","10,552","254,490","590,762","4,490","8,173","82,760","241,453","21,740","243,089","28,850","291,453","18,290","16,023","883,290","5,886,431","6,780","2,727","5,130","2,088","62,430","111,154","39,150","38,275","5,590","9,212","823,650","3,991,685","842,320","4,274,292",90,106,0,0,"167,740","343,297","724,880","1,941,574","708,670","1,884,514","22,730","57,060",
00,"$75,000 under $100,000","594,810","164,170","377,160","42,090","531,090","34,100","334,020","375,300","1,342,830","371,930","4,230","1,350","2,940",0,"51,180","202,630","51,566,661","594,810","52,054,763","507,020","37,992,967","261,470","284,020","172,460","679,817","160,140","476,006","74,780","24,211","86,700","1,207,046","133,200","784,133","209,370","6,810,068","4,670","36,690","186,930","156,130","3,307,606","32,040","416,075","170,770","488,102","22,310","5,669","2,480","26,278","15,070","110,544","15,990","80,839","81,470","96,018","517,510","10,934,896","517,510","10,686,030","123,000","248,868","77,320","1,852,332","6,724,577","21,310","421,198","66,250","282,530","9,770","10,564","69,150","348,258","8,730","8,490","72,720","557,285","77,070","591,001","60,550","473,341","1,160","6,702","2,510","1,960","1,330","3,361","61,930","299,690","3,460","41,205","92,080","287,335","593,860","38,454,049","592,820","4,985,936",20,36,"7,390","34,104","256,070","663,573","49,290","6,177","31,010","17,805","46,710","65,848",0,0,"204,320","556,785","2,690","6,315","65,740","212,782","5,050","55,111","9,340","90,994","6,560","7,809","589,320","5,732,026",0,0,0,0,"10,700","17,721","33,470","33,036","1,130","2,196","580,460","4,322,369","584,290","4,569,999",0,0,0,0,"129,570","339,780","463,880","1,490,965","448,240","1,423,994","21,440","58,931",
00,"$100,000 under $200,000","881,770","125,410","717,340","29,710","789,430","54,660","514,490","453,170","2,323,500","725,580","2,830",890,"1,930",0,"45,580","290,420","119,433,734","881,770","120,633,566","768,430","88,055,512","500,900","704,070","357,530","2,086,461","335,610","1,526,247","202,040","87,678","155,440","3,243,841","292,480","2,938,644","322,370","14,765,413","7,330","42,880","228,576","207,330","5,304,378","82,920","1,975,938","311,740","1,199,832","57,220","15,632","10,320","154,279","32,920","311,460","27,700","149,480","134,190","155,749","714,400","16,482,373","714,400","16,137,255","163,550","345,118","167,370","4,838,082","23,720,599","31,500","706,061","151,320","993,230","14,540","19,603","155,080","972,210","17,070","12,557","158,770","1,433,328","167,110","1,527,190","137,580","1,412,218","2,540","15,444","7,040","4,720","5,030","20,491","146,280","993,209","8,370","137,516","190,040","956,465","881,080","97,054,662","880,270","14,678,620",940,"3,322","4,930","38,612","485,540","1,356,845","119,890","26,473","78,860","47,007","86,870","123,127",0,0,"383,360","1,106,931","3,720","13,613","120,980","526,353",650,"7,670","5,550","50,109","4,910","9,478","876,080","15,147,594",0,0,0,0,"1,870","3,918","70,290","71,670",20,33,"877,090","13,321,824","878,020","13,948,686","6,520","1,697","2,220",768,"303,160","1,176,223","576,900","2,354,292","541,070","2,110,922","48,740","243,369",
00,"$200,000 under $500,000","257,180","26,080","223,630","5,670","232,670","17,320","174,910","77,020","738,860","258,830",70,20,50,0,"4,360","85,450","73,451,361","257,180","74,523,371","226,660","49,921,729","200,140","611,794","169,860","2,424,915","162,690","1,884,007","69,410","79,706","60,470","3,172,470","155,970","4,228,556","90,570","6,203,334","2,560","6,000","37,173","51,020","1,494,963","64,200","4,904,765","83,040","1,072,010","10,860","2,751","13,870","361,864","24,470","322,799","4,350","40,390",0,0,"151,250","3,572,620","151,250","3,493,905","36,850","78,715","105,900","3,901,904","31,597,929","7,130","241,890","99,950","1,359,883","5,690","10,212","99,420","918,740","7,980","4,875","102,660","1,005,710","105,860","1,075,642","89,550","1,306,502","1,640","13,844","5,970","2,909","7,910","53,672","97,840","1,025,665","5,530","174,674","98,210","1,200,237","257,100","64,741,833","257,030","12,753,731","2,660","16,752",710,"7,258","179,930","523,121","80,200","61,711","27,250","15,212",0,0,0,0,"119,030","354,696","1,070","6,796","55,220","421,690",0,0,760,"7,662","1,050","4,173","255,610","12,958,580",0,0,0,0,0,0,0,0,0,0,"256,840","12,230,602","256,990","12,933,495","112,080","86,329","130,800","138,798","128,540","1,318,171","127,980","1,324,421","98,640","815,248","37,600","508,781",
00,"$500,000 or more","56,010","5,500","48,910","1,100","51,420","3,690","48,360","7,070","160,190","57,970",0,0,0,0,0,"21,190","77,519,150","56,010","78,319,668","48,470","30,154,316","52,440","1,591,683","48,060","4,401,175","46,730","3,382,778","22,390","264,523","16,400","2,011,295","47,880","17,689,056","17,570","1,492,237",780,310,"2,245","10,460","329,892","32,050","13,572,596","27,050","800,518",640,160,"6,950","321,071","12,340","204,219","1,060","10,656",0,0,"19,080","450,644","19,080","439,208","5,320","11,364","36,900","3,937,830","59,195,970",380,"27,346","35,470","2,134,946","1,300","2,818","34,070","577,211","1,390","1,567","36,180","360,160","36,890","439,374","27,590","521,269",570,"9,319","2,280",694,"8,640","286,849","35,540","2,224,708","3,870","313,318","30,180","2,304,642","56,000","70,750,694","56,000","19,487,624","2,860","56,349",20,271,"38,380","468,008","32,430","256,299","3,400","2,085",0,0,0,0,330,402,120,"1,508","19,110","269,978",0,0,20,271,0,0,"55,720","20,577,120",0,0,0,0,0,0,0,0,0,0,"55,970","18,988,575","55,980","20,196,834","40,530","217,537","50,740","680,145","28,680","2,229,523","27,090","2,569,832","11,150","503,142","18,580","2,049,000",
,,,,,,,,,,,,,,,,,,,,,,,,,,,,,,,,,,,,,,,,,,,,,,,,,,,,,,,,,,,,,,,,,,,,,,,,,,,,,,,,,,,,,,,,,,,,,,,,,,,,,,,,,,,,,,,,,,,,,,,,,,,,,,,,,,,,,,,,,,,,,,,,,,,,,,,
01,,"374,910","182,270","154,720","30,950","327,160","28,580","210,180","197,540","690,220","196,340","6,150","1,380","4,760",360,"27,650","113,140","36,815,212","373,610","37,292,029","304,410","25,152,866","157,350","331,484","109,450","916,431","101,880","679,460","46,230","62,025","56,280","1,229,408","90,600","2,478,218","102,850","3,306,369",540,"15,090","85,071","68,120","1,228,878","28,710","2,448,944","98,360","476,817","11,470","2,956","3,970","94,994","13,190","131,774","8,260","45,560","35,630","41,506","310,370","5,241,598","310,370","5,110,235","66,580","131,364","60,380","1,962,764","14,280,180","13,880","259,856","51,650","568,315","7,600","7,558","55,420","437,672","5,040","3,856","57,190","490,488","60,040","531,355","49,930","612,212",820,"6,265","2,850","1,637","2,700","31,209","51,580","455,577","2,610","62,432","55,410","521,789","304,050","29,750,884","300,950","5,730,022",710,"7,712","6,410","16,751","137,970","334,645","32,360","41,422","18,590","10,988","21,780","26,470","15,250","2,787","91,870","220,593",930,"2,848","46,740","187,754","16,140","162,509","18,180","179,781","6,240","5,175","352,910","6,126,711","31,490","62,757","26,280","53,045","22,100","38,089","17,540","16,782","3,970","4,838","278,660","5,371,224","293,180","5,686,660","19,270","39,030","20,400","65,744","86,950","561,829","273,430","991,843","262,240","753,837","14,840","238,006",
01,Under $1,"4,140","2,680","1,160",130,"2,660",900,"2,590",780,"5,650",800,20,**,20,0,60,"2,080","-368,587","2,840","-364,736",810,"36,543","1,410","6,151","1,120","9,237","1,010","6,260",90,392,"1,160","-12,207","1,500","14,509",670,"11,081",50,40,201,**,**,810,"-103,561",740,"3,851",**,**,**,**,210,"1,467",20,95,180,242,0,0,0,0,0,0,0,0,0,0,0,0,0,0,0,0,0,0,0,0,0,0,0,0,0,0,0,0,0,0,0,0,0,0,0,0,0,0,0,70,126,20,72,60,23,20,23,0,0,0,0,**,**,0,0,**,**,0,0,430,"1,171",420,"4,919",470,"5,185",0,0,"1,690","12,807",240,269,150,180,130,244,160,154,150,250,60,106,550,"1,543",50,64,0,0,280,608,"1,550","11,903","1,410","9,217",190,"2,686",
01,"$1 under $10,000","50,450","45,510","2,900","1,550","41,650","5,000","23,230","20,480","30,670","3,780","1,920",450,"1,470",170,"1,860","10,270","234,337","50,450","239,310","37,310","175,999","11,180","5,035","7,510","8,128","6,800","4,871",230,91,"4,980","18,257","5,710","2,874","7,330","33,543",20,470,"1,599",160,559,570,"-2,089","5,340","4,973",60,12,**,**,430,"1,531",100,325,950,"1,003","49,570","441,784","49,570","427,280","8,070","14,505",880,"20,423","4,595",710,"12,657",300,507,380,186,550,"3,312",50,22,730,"3,327",790,"3,580",390,"3,383",**,**,**,**,30,61,470,588,**,**,120,45,"2,820","4,987","1,600",341,0,0,170,89,260,31,180,5,0,0,40,9,**,**,30,13,0,0,"4,280","3,009","1,470","13,871","1,550","14,329",**,**,"40,000","23,395","8,180","6,722","6,720","5,793","1,560","1,045","1,180","1,050",410,358,"1,520",310,"6,210","3,477",0,0,0,0,"3,870","1,803","37,910","21,736","37,690","21,391",290,345,
01,"$10,000 under $25,000","51,840","37,920","6,990","5,980","44,830","3,970","26,140","31,520","67,300","15,380","1,840",440,"1,400",120,"5,960","14,910","887,466","51,840","904,095","37,990","618,802","12,920","10,978","8,210","18,252","7,460","11,073",670,242,"7,660","75,601","6,210","11,627","12,640","143,558",40,"2,080","9,694","6,700","13,523","1,320","1,003","10,530","16,629",340,77,60,258,900,"3,790",470,"1,688","3,440","3,821","49,780","721,481","49,780","700,778","11,090","20,703","2,060","48,125","37,041","1,530","25,830",920,"1,390",920,534,"1,490","8,650",130,119,"1,820","8,895","1,970","9,806","1,070","8,607",30,206,60,16,40,51,"1,360","2,729",90,681,"3,290","2,568","34,030","195,803","33,130","19,492",**,**,620,306,"10,340","3,545",800,40,540,198,"2,850","1,437","3,680",611,"3,180","1,241",**,**,"6,720","12,087","4,680","42,499","4,830","42,987","1,590",875,"47,120","111,877","12,240","33,802","10,260","29,190","7,000","11,994","2,380","2,067","1,210","1,232","26,690","15,947","31,490","29,223",**,**,0,0,"5,580","6,895","43,750","89,382","43,260","88,072",690,"1,310",
01,"$25,000 under $50,000","70,570","44,680","13,940","9,950","62,550","4,590","36,330","46,530","111,020","27,750","1,350",360,980,70,"9,110","18,250","2,605,583","70,570","2,648,254","58,210","2,003,488","19,740","17,162","12,100","33,662","11,050","21,259","2,560",805,"8,720","114,084","9,310","27,504","16,030","290,939",60,"3,580","20,268","13,980","108,965","2,720","22,450","18,560","42,671","1,200",280,160,"1,498","1,710","8,902","1,520","6,629","9,960","12,401","65,630","1,016,498","65,630","994,257","11,470","22,242","4,940","113,466","191,180","2,620","43,427","3,360","6,650","1,330",915,"3,960","22,511",430,513,"4,510","26,441","4,860","29,135","3,250","26,984",80,513,140,123,70,88,"3,710","10,211",200,"2,465","7,980","14,429","69,630","1,462,889","68,880","159,951",**,**,"2,650","2,297","25,580","28,283","2,640",187,"2,440","1,528","5,240","5,893","8,820","1,681","14,680","18,672",160,160,"7,060","19,520","6,720","64,619","6,930","66,356","2,710","1,742","68,230","274,716","10,530","21,856","8,930","17,798","9,660","18,465","3,220","2,937","1,550","1,831","57,230","131,668","60,450","153,818",**,**,0,0,"10,350","17,134","59,680","137,492","58,780","134,498","1,310","2,994",
01,"$50,000 under $75,000","50,950","26,010","17,330","6,050","44,890","3,500","28,680","31,280","91,880","23,810",600,90,500,0,"4,690","16,390","3,147,859","50,950","3,190,873","42,280","2,326,817","20,110","20,838","12,520","46,472","11,570","30,731","5,100","1,416","6,780","103,143","9,850","41,140","14,910","382,511",70,"2,410","14,124","12,450","208,401","2,700","32,554","14,890","43,014","1,420",344,220,"2,253","1,550","10,201","1,540","7,665","7,770","9,192","43,190","756,718","43,190","738,086","9,610","18,632","7,750","174,337","488,949","2,620","44,400","6,330","18,773","1,260","1,067","6,930","38,698",670,657,"7,290","51,384","7,720","54,471","6,110","52,008",100,676,300,178,150,242,"6,080","17,528",290,"3,859","7,240","20,008","50,760","2,194,871","50,600","273,964",20,81,"1,480","4,243","19,010","37,386","3,460",381,"1,870","1,069","3,680","4,857","2,750",495,"13,420","29,756",170,324,"5,330","17,864","2,110","27,296","2,640","31,442","1,070",988,"50,010","336,951",300,108,220,84,"3,030","5,168","2,460","2,420",480,771,"47,360","236,578","48,360","256,460",20,11,0,0,"10,970","25,181","39,830","104,631","38,750","100,955","1,500","3,676",
01,"$75,000 under $100,000","37,860","12,350","21,310","3,380","33,390","2,610","22,750","22,020","81,760","22,670",250,40,220,0,"2,560","13,980","3,292,148","37,860","3,330,791","31,610","2,363,436","18,750","23,131","12,110","52,000","11,200","35,227","6,480","2,065","5,790","94,490","9,560","46,484","13,280","445,437",50,"2,000","11,632","10,670","233,620","2,720","42,817","10,560","38,643","1,580",395,230,"2,982","1,330","11,056","1,170","6,607","4,050","4,636","29,930","619,488","29,930","603,091","8,050","16,397","7,930","191,125","691,920","2,100","38,087","6,790","26,709","1,020",947,"7,310","43,029",720,634,"7,500","60,712","7,910","64,158","6,580","60,657",120,783,290,166,150,452,"6,460","22,515",310,"3,548","6,480","22,108","37,780","2,455,937","37,710","326,890",**,**,760,"3,642","16,120","39,723","3,540",522,"2,060","1,204","2,940","4,254",0,0,"12,620","32,782",140,292,"4,610","16,420",640,"8,106","1,010","11,884",420,521,"37,430","369,811",0,0,0,0,590,947,"2,240","2,212",150,363,"37,050","287,167","37,290","305,517",**,**,0,0,"9,560","27,058","28,230","90,497","27,060","86,001","1,560","4,496",
01,"$100,000 under $200,000","73,810","10,450","59,510","3,110","65,410","5,370","45,430","35,320","196,660","63,410",170,0,170,0,"2,970","25,910","10,270,993","73,810","10,390,374","64,170","7,603,303","44,720","67,189","31,330","181,149","29,250","129,961","20,290","9,057","13,340","305,134","25,720","231,340","26,460","1,230,936",140,"3,610","21,419","18,100","481,832","7,850","186,844","25,810","119,381","5,210","1,425","1,120","17,282","3,220","33,975","2,800","16,321","9,280","10,211","54,310","1,257,232","54,310","1,227,481","14,000","29,751","19,500","565,141","2,804,133","3,530","71,407","17,680","112,722","1,670","2,028","18,570","133,541","1,820","1,168","18,530","173,235","19,480","184,958","17,140","205,958",250,"1,442",950,613,560,"2,236","17,320","85,320",810,"11,405","16,740","86,047","73,750","8,350,906","73,690","1,283,900",100,349,560,"4,861","41,780","116,925","10,210","2,212","7,740","4,731","7,030","10,020",0,0,"33,280","95,457",290,"1,047","10,750","48,864",100,"1,199",640,"6,316",370,735,"73,310","1,305,708",0,0,0,0,130,226,"5,900","5,942",20,33,"73,500","1,166,976","73,570","1,222,692",610,178,200,75,"27,880","110,149","45,770","190,928","42,740","171,504","4,070","19,424",
01,"$200,000 under $500,000","29,150","2,250","26,050",670,"26,170","2,210","19,850","8,840","87,250","32,110",**,0,**,0,440,"9,280","8,352,157","29,150","8,472,739","26,470","6,061,414","22,790","63,323","19,250","228,675","18,400","175,688","8,280","10,111","6,230","310,062","17,460","406,885","9,750","633,654",70,830,"5,517","5,150","153,774","6,840","513,793","9,190","120,582","1,570",401,"1,500","39,047","2,600","37,682",510,"4,825",0,0,"15,790","376,548","15,790","368,533","3,760","8,015","13,360","470,523","3,953,079",730,"21,676","12,530","165,275",800,"1,353","12,860","126,504","1,020",541,"12,940","127,927","13,350","137,163","12,110","190,979",170,"1,482",830,462,880,"5,641","12,380","95,896",570,"16,241","10,450","119,325","29,140","7,381,127","29,130","1,458,246",330,"1,861",110,"1,290","20,790","60,666","8,140","5,863","3,570","2,044",0,0,0,0,"14,620","42,628",130,699,"5,700","42,062",0,0,110,"1,282",80,314,"29,010","1,457,758",0,0,0,0,**,**,0,0,0,0,"29,120","1,397,579","29,130","1,469,227","13,780","10,573","14,670","13,754","15,050","147,380","14,020","133,804","11,310","88,156","3,520","45,648",
01,"$500,000 or more","6,140",420,"5,530",130,"5,610",430,"5,180",770,"18,030","6,630",0,0,0,0,**,"2,070","8,393,256","6,140","8,480,329","5,560","3,963,064","5,730","117,677","5,300","338,856","5,140","264,390","2,530","37,846","1,620","220,844","5,280","1,695,855","1,780","134,710",40,70,617,910,"28,204","3,180","1,755,133","2,740","87,073",90,22,680,"31,674","1,240","23,170",130,"1,405",0,0,"2,170","51,849","2,170","50,729",530,"1,119","3,960","379,624","6,109,283",40,"2,372","3,740","236,289",220,528,"3,750","61,427",200,202,"3,870","38,567","3,960","48,084","3,280","63,636",70,"1,163",280,79,820,"22,438","3,800","220,790",340,"24,233","3,110","257,259","6,140","7,704,364","6,140","2,207,112",240,"5,349",**,**,"4,070","48,063","3,390","32,212",370,214,0,0,0,0,40,44,40,326,"1,860","26,757",0,0,**,**,**,**,"6,110","2,233,688",0,0,0,0,0,0,0,0,0,0,"6,130","2,134,893","6,130","2,244,703","4,810","28,204","5,530","51,915","3,410","225,621","2,690","211,470","1,240","54,043","1,710","157,427",
,,,,,,,,,,,,,,,,,,,,,,,,,,,,,,,,,,,,,,,,,,,,,,,,,,,,,,,,,,,,,,,,,,,,,,,,,,,,,,,,,,,,,,,,,,,,,,,,,,,,,,,,,,,,,,,,,,,,,,,,,,,,,,,,,,,,,,,,,,,,,,,,,,,,,,,
02,,"304,820","156,590","67,860","74,360","269,760","20,830","152,600","214,320","566,230","208,120","7,210","6,400",830,"2,020","58,570","55,040","13,440,767","303,880","13,561,538","258,920","10,947,462","60,270","62,916","24,820","76,767","22,390","52,158","17,220","5,857","47,820","469,741","19,480","227,380","48,410","1,104,254",0,"12,990","68,146","27,220","342,817","7,670","218,746","73,140","120,771","4,550","1,132",390,"7,298","2,190","12,463","3,330","13,889","29,530","32,414","282,080","4,513,557","282,080","4,451,547","33,670","62,008","20,480","494,122","2,149,956","5,620","79,345","18,630","136,763","1,410","1,826","15,820","45,409","3,570","6,961","18,750","135,820","20,380","158,156","15,050","122,621",220,"1,331",390,529,200,"1,239","16,750","96,615","1,530","29,779","23,120","73,751","226,240","8,797,449","225,980","1,271,556",100,428,"4,360","7,215","110,570","178,632","5,180","2,452","14,280","8,488","19,680","21,693","20,530","3,619","83,200","134,122","2,580","3,896","38,540","79,349","14,800","132,436","16,010","142,162","8,370","6,224","291,150","1,825,536","90,040","237,331","81,020","206,737","67,270","115,757","18,840","17,476","2,280","1,875","174,600","1,092,924","202,930","1,191,733","1,750","1,871","1,700","4,442","43,970","134,949","253,990","765,098","252,330","749,790","2,210","15,307",
02,Under $1,"2,230","1,630",380,130,"1,360",480,"1,130",580,"2,890",380,40,40,**,0,110,910,"-48,179","1,290","-47,479",330,"7,769",330,318,210,456,170,363,20,28,750,"-7,299",300,478,180,"1,369",0,**,**,**,**,200,"-8,606",330,700,**,**,20,44,40,140,**,**,120,142,0,0,0,0,0,0,0,0,0,0,0,0,0,0,0,0,0,0,0,0,0,0,0,0,0,0,0,0,0,0,0,0,0,0,0,**,**,0,0,50,27,20,42,30,10,**,**,0,0,0,0,20,6,0,0,**,**,0,0,190,289,220,"2,050",240,"2,176",0,0,890,"2,352",180,197,110,125,50,80,150,143,60,61,40,18,250,359,**,**,0,0,160,144,800,"2,159",780,"1,715",30,444,
02,"$1 under $10,000","43,960","34,770","3,020","5,610","37,620","3,590","20,380","25,800","49,890","12,770","1,860","1,640",220,740,"6,110","7,410","238,883","43,960","243,409","32,440","180,928","4,730","2,403","1,760","1,693","1,480",923,110,27,"8,060","32,422","1,160",263,"4,810","22,724",0,870,"2,984",100,432,340,49,"7,800","4,526",60,13,**,**,130,412,60,236,840,857,"43,700","521,007","43,700","511,379","5,470","9,627",260,"4,143","1,483",160,"2,280",120,156,80,44,120,326,30,22,210,459,240,748,100,685,**,**,**,**,20,113,100,150,**,**,30,46,440,870,510,147,0,0,140,61,90,37,**,**,0,0,**,**,**,**,40,25,0,0,"6,950","5,427","1,220","10,323","1,310","10,850",40,21,"37,950","40,696","19,130","21,973","16,340","19,477","6,220","4,191","1,980","1,766",240,144,450,118,"7,740","5,702",0,0,0,0,"5,100","2,697","34,960","37,709","34,900","37,610",80,98,
02,"$10,000 under $25,000","79,860","43,840","10,070","24,950","71,760","5,010","39,980","61,300","148,840","62,700","2,460","2,220",250,830,"20,720","11,670","1,363,203","79,860","1,384,309","63,880","1,041,716","7,700","5,748","2,850","4,762","2,470","2,758",510,155,"17,910","180,652","1,960","2,737","9,390","106,888",0,"4,100","19,400","3,790","7,155","1,230","8,101","19,940","21,106",390,88,**,**,320,"1,048",320,930,"3,620","3,234","78,930","1,215,471","78,930","1,200,906","8,210","14,565",920,"19,956","17,309",540,"9,151",550,"1,028",260,190,470,"1,206",110,216,770,"2,133",890,"5,092",360,"2,476",**,**,**,**,**,**,550,"2,034",100,847,"5,020","3,664","47,630","248,310","47,470","25,150",**,**,490,217,"21,980","8,121",210,8,"1,600",523,"3,800","1,824","4,850",812,"13,100","4,869",140,69,"16,000","28,461","4,980","41,006","5,160","41,961","2,750","1,625","76,000","286,538","41,590","150,187","38,260","130,164","30,930","53,369","4,980","4,431",760,580,"29,270","17,029","43,700","47,524",**,**,0,0,"6,690","9,364","71,820","248,112","71,660","247,838",210,274,
02,"$25,000 under $50,000","88,850","43,160","14,720","28,910","80,100","5,130","42,190","68,670","172,150","69,180","2,250","2,020",230,450,"20,880","13,710","3,208,156","88,850","3,238,817","80,410","2,792,135","12,340","9,290","4,460","8,347","3,980","5,132","2,730",520,"10,500","100,918","3,350","9,484","11,880","202,086",0,"4,140","23,375","8,580","58,647","1,950","25,004","20,090","30,661","1,170",281,30,188,480,"1,582","1,140","3,972","10,990","12,155","85,220","1,367,797","85,220","1,353,260","7,960","14,537","3,620","80,523","140,711","1,830","24,574","3,110","9,816",370,420,"2,060","5,167",870,"2,084","3,200","14,592","3,590","21,658","1,870","12,433",50,260,40,84,**,**,"2,830","16,206",370,"3,990","7,860","13,747","88,330","1,737,915","88,160","191,049",**,**,"2,180","1,716","47,350","62,081",780,51,"6,280","4,023","8,080","9,132","13,830","2,505","35,880","45,058",970,993,"7,630","17,950","6,780","61,189","7,000","63,439","4,050","2,780","87,170","383,304","28,820","64,850","26,090","56,882","26,170","51,575","5,910","5,432","1,010",818,"59,180","128,969","64,620","150,481",30,41,0,0,"10,070","16,838","78,590","248,766","78,300","247,904",400,862,
02,"$50,000 under $75,000","41,870","20,010","10,930","9,620","36,860","2,910","20,840","29,590","79,630","26,940",460,390,70,**,"6,600","9,030","2,553,552","41,870","2,575,094","37,860","2,153,773","11,280","10,181","4,500","10,181","4,060","6,630","3,660",641,"4,500","45,986","3,430","12,351","8,600","211,131",0,"1,760","10,473","6,200","93,471","1,170","19,903","12,000","21,542","1,010",250,30,280,360,"1,774",890,"3,729","7,710","9,052","37,020","628,818","37,020","619,044","5,280","9,774","4,850","102,832","302,395","1,560","19,779","4,470","20,181",300,481,"3,760","9,509","1,060","2,331","4,430","28,615","4,830","33,023","3,580","23,698",60,304,70,72,20,18,"3,930","20,971",320,"3,807","3,780","10,602","41,810","1,806,677","41,790","227,085",**,**,990,"2,323","18,170","41,480",950,97,"2,510","1,541","3,640","4,844","1,850",302,"14,940","32,924",780,"1,270","3,190","8,037","1,300","14,868","1,650","17,391","1,010",918,"41,420","276,532",320,124,220,89,"3,480","5,822","2,560","2,507",180,236,"38,120","185,605","38,970","195,346",**,**,0,0,"7,500","16,201","34,300","96,466","34,030","95,464",390,"1,002",
02,"$75,000 under $100,000","21,350","7,810","9,470","3,500","18,620","1,620","11,840","14,330","44,970","14,200",110,60,60,0,"2,410","5,460","1,839,306","21,350","1,850,122","19,390","1,506,812","8,580","8,605","3,510","9,855","3,200","6,644","3,490",675,"2,340","26,117","2,790","16,050","5,590","178,736",0,950,"5,311","3,970","76,819",740,"13,136","4,990","10,816",650,164,40,482,220,"1,381",370,"1,987","2,540","2,598","17,220","335,071","17,220","328,748","3,210","6,323","4,120","88,545","356,806",810,"10,047","3,930","24,422",160,262,"3,520","8,840",730,"1,182","3,820","30,676","4,120","33,456","3,400","23,737",40,232,90,145,20,83,"3,430","17,380",250,"2,764","2,200","7,514","21,340","1,404,589","21,320","194,583",**,**,330,"1,407","9,190","24,401",880,117,"1,340",816,"1,720","2,415",0,0,"7,880","19,901",380,757,"1,680","4,915",250,"2,594",420,"4,272",310,387,"21,190","217,769",0,0,0,0,370,612,"1,310","1,233",30,36,"20,920","170,183","21,010","176,421",**,**,0,0,"4,630","12,999","16,690","53,769","16,480","53,177",280,592,
02,"$100,000 under $200,000","23,120","4,690","16,550","1,520","20,220","1,850","13,740","12,960","59,010","19,370",30,30,**,0,"1,640","5,950","3,065,574","23,120","3,084,932","21,340","2,498,187","12,680","16,467","5,780","21,078","5,370","14,371","5,770","1,595","3,050","51,357","4,780","48,249","6,820","295,625",0,"1,070","5,907","4,060","93,064","1,300","35,397","7,050","19,358","1,160",306,130,"1,893",390,"3,193",500,"2,628","3,710","4,376","17,920","398,909","17,920","392,477","3,160","6,432","5,200","136,133","705,001",670,"11,517","4,980","46,461",190,332,"4,570","14,005",670,"1,031","4,880","45,184","5,200","48,828","4,420","39,951",70,535,130,137,50,122,"4,550","28,043",360,"6,325","3,180","15,472","23,110","2,510,906","23,100","391,481",20,52,180,"1,270","11,840","34,957","1,580",563,"2,200","1,372","2,420","3,472",0,0,"10,160","28,078",310,807,"2,240","8,752",50,406,210,"1,860",170,350,"22,990","396,257",0,0,0,0,50,108,"1,950","1,964",**,**,"23,040","356,524","23,060","368,334",220,54,70,14,"7,820","31,605","15,270","58,978","14,880","56,638",520,"2,340",
02,"$200,000 under $500,000","3,270",590,"2,520",120,"2,940",220,"2,230","1,070","8,180","2,400",**,0,**,0,100,820,"872,709","3,270","880,855","3,010","629,747","2,370","6,291","1,530","12,812","1,450","9,758",830,822,630,"30,938","1,470","45,398","1,080","79,321",0,100,696,480,"12,282",580,"46,674",810,"8,146",110,30,100,"2,720",190,"2,087",50,407,0,0,"1,960","44,235","1,960","43,537",350,697,"1,310","47,375","368,666",50,"1,997","1,270","22,917",50,97,"1,150","5,099",100,95,"1,240","12,158","1,310","13,296","1,150","16,360",**,**,60,91,60,419,"1,170","7,851",130,"12,046",900,"10,802","3,270","769,384","3,270","154,523",60,334,20,211,"1,790","4,959",650,592,330,196,0,0,0,0,"1,200","3,267",**,**,560,"4,013",0,0,20,213,40,143,"3,240","147,553",0,0,0,0,0,0,0,0,0,0,"3,270","149,563","3,270","156,659","1,280",868,"1,370","1,052","1,790","20,525","1,470","11,181","1,260","7,884",240,"3,297",
02,"$500,000 or more",310,90,200,**,280,20,270,20,670,180,0,0,0,0,0,80,"347,563",310,"351,479",260,"136,395",260,"3,613",220,"7,583",210,"5,579",100,"1,394",80,"8,650",240,"92,370",60,"6,374",0,**,**,40,947,160,"79,088",130,"3,916",**,**,40,"1,691",60,846,**,**,0,0,110,"2,249",110,"2,196",30,53,200,"14,615","257,585",0,0,200,"11,782",**,**,170,"1,257",**,**,200,"2,003",200,"2,055",170,"3,281",**,**,**,**,30,484,190,"3,980",**,**,150,"11,904",310,"318,798",310,"87,511",**,**,**,**,160,"2,596",130,"1,024",20,17,0,0,0,0,**,**,**,**,100,"1,505",0,0,**,**,**,**,300,"74,535",0,0,0,0,0,0,0,0,0,0,310,"84,915",310,"90,907",220,908,260,"3,376",210,"24,576",90,"7,958",40,"1,560",60,"6,398",
,,,,,,,,,,,,,,,,,,,,,,,,,,,,,,,,,,,,,,,,,,,,,,,,,,,,,,,,,,,,,,,,,,,,,,,,,,,,,,,,,,,,,,,,,,,,,,,,,,,,,,,,,,,,,,,,,,,,,,,,,,,,,,,,,,,,,,,,,,,,,,,,,,,,,,,
03,,"329,600","197,140","52,230","71,940","290,690","19,690","130,650","224,880","533,260","164,010","12,790","11,080","1,720","3,250","66,410","63,130","22,109,501","328,070","22,383,736","283,660","16,275,771","75,130","185,522","51,040","626,527","47,460","480,319","20,050","33,855","49,090","649,949","43,100","1,585,462","57,010","1,592,655",50,"12,190","63,075","31,570","485,916","11,410","1,057,949","83,510","274,235","6,260","1,539","2,450","67,912","5,890","45,738","4,300","16,647","40,730","48,876","288,900","4,325,962","288,900","4,262,440","35,590","63,523","37,280","1,254,641","8,337,024","9,180","129,050","33,640","485,718","2,690","3,682","28,710","137,189","5,470","10,088","34,070","270,040","37,040","302,928","26,730","283,258",540,"4,675",970,956,"1,800","25,457","31,560","452,702","1,960","47,124","31,470","176,616","259,620","17,046,857","258,590","3,205,342",560,"5,561","4,220","7,005","111,420","202,481","18,090","35,975","16,530","9,755","20,690","21,544","18,570","3,029","67,900","105,813","3,040","5,603","37,740","120,108","11,180","79,977","12,510","87,864","6,440","4,578","317,320","3,813,092","75,700","180,947","69,000","164,661","52,050","85,866","16,480","14,848","2,660","2,454","216,580","3,002,866","234,220","3,211,027","10,040","21,875","10,560","50,424","55,480","310,533","267,050","906,054","261,480","743,789","7,030","161,465",
03,Under $1,"3,430","2,640",470,170,"2,120",670,"1,550",980,"4,250",530,100,100,**,0,160,"1,340","-379,005","1,900","-375,746",540,"21,130",700,"5,931",540,"6,162",480,"3,506",50,110,"1,000","-23,562",680,"24,933",300,"5,401",**,**,**,**,**,440,"-57,533",590,"3,259",**,**,**,**,120,964,**,**,250,329,0,0,0,0,0,0,0,0,0,0,0,0,0,0,0,0,0,0,0,0,0,0,0,0,0,0,0,0,0,0,0,0,0,0,0,**,**,0,0,60,221,**,**,40,18,**,**,0,0,0,0,**,**,0,0,**,**,0,0,290,871,280,"2,452",310,"2,657",0,0,"1,570","8,069",210,172,110,89,60,95,250,237,110,127,40,203,390,"1,325",40,67,0,0,220,397,"1,440","7,147","1,350","5,176",110,"1,971",
03,"$1 under $10,000","41,340","33,430","1,420","5,970","35,940","2,560","13,890","27,330","46,760","11,620","3,100","2,710",390,"1,320","7,540","7,160","225,691","41,340","229,994","32,300","181,683","3,950","1,803","2,560","3,531","2,280","2,227",160,81,"5,730","18,747","1,900","1,398","4,840","24,113",**,980,"3,065",130,514,330,"-1,417","5,880","4,303",120,29,**,**,220,568,70,158,"1,250","1,261","40,910","486,226","40,910","477,460","5,150","8,766",430,"7,216","2,151",250,"3,636",210,536,120,65,240,"1,350",40,59,340,"1,141",390,"1,346",190,"1,705",**,**,**,**,40,35,210,304,20,129,60,85,870,"2,120",680,195,0,0,140,60,170,44,90,5,0,0,40,11,**,**,30,18,0,0,"4,670","3,352","1,020","7,455","1,090","7,772",30,16,"36,590","40,581","19,530","20,976","17,650","19,260","5,860","3,803","2,310","2,032",290,240,600,168,"5,680","3,695",0,0,0,0,"3,060","1,513","34,640","38,427","34,480","38,159",180,267,
03,"$10,000 under $25,000","74,480","46,170","4,140","23,090","66,890","3,850","27,190","58,740","122,850","47,570","4,450","3,900",550,"1,320","21,910","12,400","1,275,703","74,480","1,293,577","61,880","1,017,303","6,700","3,724","3,610","7,059","3,220","4,711",550,198,"13,040","98,534","2,790","6,151","10,450","126,096",**,"4,200","18,693","4,220","8,524",670,"-5,033","15,650","17,874",580,129,60,555,500,"1,492",420,"1,247","4,750","4,752","73,360","1,064,414","73,360","1,049,663","8,630","14,752","1,120","21,197","20,668",720,"9,776",680,"1,233",290,185,630,"2,090",150,183,930,"2,954","1,080","3,583",480,"3,875",**,**,20,20,**,**,770,"2,821",90,795,"4,470","3,101","48,980","267,778","48,530","26,934",**,**,490,157,"21,320","7,921",440,22,"1,810",582,"4,910","2,492","5,240",865,"10,530","3,850",170,89,"10,810","16,918","4,020","28,471","4,120","28,543","2,210","1,220","71,560","242,628","34,100","114,382","31,140","103,649","23,870","40,431","4,880","4,357","1,040",899,"31,750","19,013","40,550","37,536",**,**,0,0,"5,680","6,766","67,700","211,663","67,450","210,165",350,698,
03,"$25,000 under $50,000","89,590","53,190","6,810","27,160","79,660","4,890","31,100","68,550","148,150","52,570","3,820","3,350",470,610,"22,910","14,460","3,264,067","89,590","3,302,891","81,080","2,862,043","12,150","7,066","6,660","15,580","6,080","10,517","2,630",702,"9,850","66,473","5,300","16,708","13,070","232,155",**,"3,850","22,434","8,670","63,532","1,140","7,327","22,590","38,824","1,610",376,110,"1,319",990,"3,726","1,430","4,599","14,970","18,306","84,940","1,253,422","84,940","1,239,337","8,100","14,085","4,660","95,576","182,672","2,540","27,281","3,830","11,395",540,640,"2,740","8,101","1,230","3,237","3,960","19,270","4,580","22,826","2,270","15,213",80,430,50,120,60,127,"3,900","23,872",360,"3,843","6,460","10,418","89,180","1,890,114","88,860","208,846",40,283,"2,270","1,768","41,980","54,527","1,570",139,"6,590","4,238","9,260","10,874","12,260","1,984","28,470","35,643","1,110","1,354","6,410","13,421","5,050","33,835","5,270","35,760","2,900","1,718","88,030","370,310","21,760","45,384","20,030","41,640","19,740","37,457","5,310","4,772","1,060",964,"66,500","154,323","69,380","170,262",**,**,0,0,"11,130","16,682","78,190","215,828","77,720","214,412",660,"1,415",
03,"$50,000 under $75,000","49,320","31,270","6,210","9,770","42,820","3,120","18,600","34,230","74,990","19,660","1,000",790,210,**,"8,390","9,730","3,010,865","49,320","3,044,336","44,530","2,567,263","12,660","7,912","7,680","21,171","7,050","14,502","3,670",946,"5,660","51,403","6,180","22,547","9,500","244,014",**,"1,420","8,579","6,400","101,808","1,060","10,309","17,340","33,471","1,560",378,130,"1,261",730,"3,820","1,120","3,871","12,540","16,194","42,560","634,607","42,560","625,283","5,290","9,324","6,760","142,803","422,139","2,400","27,190","6,000","27,632",580,766,"4,980","13,483","1,450","3,334","5,990","38,397","6,710","43,355","4,490","31,127",80,504,110,211,60,200,"5,590","33,902",380,"3,992","4,570","10,305","49,230","2,214,812","49,160","286,875",**,**,810,"2,246","16,700","32,882","2,160",325,"2,540","1,606","3,810","4,807","1,070",180,"11,650","23,673",940,"1,725","3,880","9,697",690,"6,610","1,170","9,109",780,672,"48,780","343,581",100,33,70,23,"2,270","3,642","2,040","1,925",130,186,"46,730","253,995","47,170","265,032",20,26,0,0,"9,440","20,001","39,780","97,352","39,320","95,279",650,"2,074",
03,"$75,000 under $100,000","25,040","14,490","6,170","3,490","21,750","1,670","10,900","15,880","40,440","9,320",220,160,70,0,"3,030","5,670","2,158,332","25,040","2,175,131","22,360","1,769,219","9,540","8,289","6,200","23,662","5,750","16,923","3,150","1,064","3,460","45,444","5,040","28,717","5,850","198,116",**,710,"4,119","3,920","80,409",910,"8,721","6,270","16,799",830,208,140,"1,688",570,"3,565",430,"1,985","2,980","2,855","19,130","316,061","19,130","310,370","3,050","5,691","5,910","128,647","512,762","1,320","17,538","5,430","33,407",390,579,"4,850","14,434",980,"1,592","5,390","42,388","5,900","46,135","4,520","33,337",90,587,130,146,90,179,"4,840","26,934",240,"2,336","3,210","9,413","25,000","1,699,532","24,960","251,723",**,**,250,"1,223","8,240","16,700","2,110",456,"1,220",736,"1,280","1,607",0,0,"5,580","12,436",430,992,"2,510","8,297",120,"1,154",310,"2,367",240,284,"24,800","278,544",0,0,0,0,210,363,850,716,30,38,"24,720","235,023","24,780","244,476",**,**,0,0,"6,300","18,180","18,700","51,565","18,260","49,589",560,"1,976",
03,"$100,000 under $200,000","30,670","12,310","15,600","1,880","27,150","1,980","16,040","15,280","59,230","13,050",100,70,30,0,"2,230","7,570","4,177,082","30,670","4,217,667","27,300","3,259,814","16,820","21,565","12,490","82,941","11,710","59,529","5,800","3,330","5,860","115,531","10,630","113,501","8,280","396,481",50,820,"4,829","5,270","135,356","2,440","59,824","9,540","40,585","1,230",332,480,"7,395","1,110","9,078",650,"3,356","3,990","5,179","21,050","417,753","21,050","410,169","3,800","7,584","9,620","250,358","1,334,940","1,490","27,680","8,990","84,456",520,915,"8,000","31,792","1,130","1,329","8,980","82,363","9,600","88,432","7,670","75,582",140,"1,032",270,237,300,"1,224","8,150","50,822",340,"4,234","6,580","29,844","30,640","3,473,448","30,620","575,707",80,372,180,"1,177","12,820","28,035","5,000","2,157","2,460","1,456","1,390","1,753",0,0,"7,880","19,879",310,954,"4,640","20,262",**,**,200,"1,266",210,414,"30,390","592,316",0,0,0,0,40,75,840,809,**,**,"30,540","547,671","30,550","570,873",720,143,220,58,"11,560","51,501","19,030","71,739","17,860","62,231","1,520","9,508",
03,"$200,000 under $500,000","12,420","3,050","8,810",340,"11,350",710,"8,470","3,560","28,360","7,170",**,**,**,0,240,"3,540","3,623,042","12,420","3,676,828","10,930","2,582,011","9,530","26,002","8,390","135,188","8,070","103,524","2,750","4,701","3,400","151,212","7,720","220,627","3,670","268,546",**,190,"1,195","2,280","72,843","2,660","172,454","3,990","53,786",310,81,890,"23,222",990,"11,436",140,"1,106",0,0,"6,130","134,814","6,130","132,031","1,320","2,783","6,290","228,318","1,909,580",420,"13,311","6,080","120,830",190,384,"5,230","35,380",400,248,"6,060","59,444","6,290","65,320","5,220","81,956",100,"1,176",270,183,560,"3,535","5,720","56,666",250,"6,071","4,520","36,780","12,410","3,221,226","12,410","665,368",210,"1,171",40,356,"7,730","21,377","4,620","5,733","1,570",911,0,0,0,0,"3,760","10,314",80,489,"3,160","22,556",0,0,40,390,70,254,"12,310","673,435",0,0,0,0,0,0,0,0,0,0,"12,390","643,992","12,410","682,182","6,680","5,521","7,320","7,652","6,410","69,784","5,960","60,182","4,490","35,475","1,800","24,707",
03,"$500,000 or more","3,310",590,"2,600",70,"3,010",240,"2,910",330,"8,230","2,520",0,0,0,0,**,"1,260","4,753,724","3,310","4,819,058","2,740","2,015,305","3,080","103,230","2,910","331,233","2,820","264,880","1,290","22,723","1,090","126,167","2,860","1,150,880","1,050","97,733",**,20,161,680,"22,930","1,760","863,297","1,660","65,334",20,6,640,"32,472",660,"11,089",40,325,0,0,820,"18,665",820,"18,127",250,538,"2,490","380,526","3,952,112",40,"2,638","2,420","206,229",60,148,"2,040","30,559",90,106,"2,420","24,083","2,490","31,931","1,890","40,463",50,946,120,39,690,"20,157","2,380","257,381",280,"25,724","1,600","76,670","3,310","4,277,827","3,310","1,189,473",230,"3,735",**,**,"2,460","40,995","2,100","27,138",340,226,0,0,0,0,**,**,**,**,"1,370","24,734",0,0,**,**,**,**,"3,290","1,263,628",0,0,0,0,0,0,0,0,0,0,"3,310","1,148,478","3,310","1,235,646","2,580","16,118","3,020","42,714","1,680","125,709","1,610","152,151",550,"33,303","1,200","118,849",
,,,,,,,,,,,,,,,,,,,,,,,,,,,,,,,,,,,,,,,,,,,,,,,,,,,,,,,,,,,,,,,,,,,,,,,,,,,,,,,,,,,,,,,,,,,,,,,,,,,,,,,,,,,,,,,,,,,,,,,,,,,,,,,,,,,,,,,,,,,,,,,,,,,,,,,
04,,"392,450","193,460","157,440","33,770","341,480","30,040","202,370","206,040","726,010","211,860","5,640","2,370","3,280",640,"32,480","113,820","43,445,885","391,130","44,003,609","320,370","27,889,156","164,260","792,391","125,870","1,539,048","117,220","1,122,362","44,200","70,655","61,410","1,507,407","105,300","4,884,051","105,110","3,467,881",400,"14,680","81,418","68,470","1,275,062","30,450","2,393,421","108,820","557,724","12,130","3,110","5,330","137,722","14,160","145,192","8,080","43,029","42,730","50,524","320,710","5,374,635","320,710","5,246,749","65,170","127,887","67,430","2,445,373","19,157,730","15,950","334,897","58,380","715,362","7,750","7,694","60,500","520,917","6,360","5,013","64,000","547,369","67,070","603,171","53,300","630,152",940,"7,694","2,970","1,549","3,950","77,577","57,780","701,992","2,740","95,582","60,670","590,588","323,080","35,821,036","318,980","7,060,328",960,"15,499","5,870","16,198","150,230","392,585","40,430","67,132","22,660","13,133","21,720","25,896","14,360","2,521","97,730","242,498",990,"2,887","51,440","228,110","14,540","143,548","16,580","159,664","5,690","4,702","369,610","7,756,484","31,010","62,678","26,170","53,940","23,190","40,314","16,540","15,775","3,840","5,034","296,190","6,667,755","310,160","7,130,857","23,340","47,104","25,460","161,738","93,810","699,188","283,440","1,312,664","269,310","806,368","18,310","503,045",
04,Under $1,"4,300","2,760","1,220",170,"2,810",920,"2,670",830,"6,050","1,080",**,**,**,0,80,"2,100","-498,682","2,990","-493,156",960,"51,445","1,510","15,207","1,250","17,306","1,140","11,311",150,408,"1,240","11,835","1,590","103,043",700,"14,208",50,30,228,**,**,880,"-206,412",860,"5,526",**,**,20,203,250,"2,241",30,188,240,317,0,0,0,0,0,0,0,0,0,0,0,0,0,0,0,0,0,0,0,0,0,0,0,0,0,0,0,0,0,0,0,0,0,0,0,**,**,0,0,80,877,30,870,60,26,20,26,0,0,0,0,**,**,0,0,30,25,0,0,510,"2,020",390,"4,632",440,"4,857",0,0,"1,850","20,439",280,342,180,217,180,392,190,199,170,278,60,851,670,"3,375",60,104,0,0,330,"1,180","1,690","18,258","1,510","11,461",260,"3,546",
04,"$1 under $10,000","50,300","45,390","2,510","1,920","41,350","5,000","21,820","20,550","30,730","4,430","1,630",660,960,260,"2,120","9,600","231,194","50,290","235,949","37,090","172,663","10,920","4,596","8,660","10,474","7,870","6,577",190,84,"4,860","17,489","6,590","4,602","6,790","31,639",**,420,"1,444",160,638,550,"-1,443","5,210","4,755",60,13,**,**,440,"1,584",80,247,960,996,"49,450","432,391","49,450","418,839","7,580","13,552",840,"19,717","4,262",650,"12,173",350,702,320,137,520,"3,482",60,20,710,"3,207",780,"3,679",360,"3,037",20,148,**,**,20,16,450,549,30,153,150,100,"3,590","6,904","1,810",422,0,0,170,88,450,40,370,14,0,0,50,14,**,**,**,**,0,0,"4,200","2,975","1,340","12,653","1,400","12,896",**,**,"39,240","23,694","8,290","7,213","6,940","6,290","1,820","1,199","1,130",991,400,442,"1,690",383,"6,230","3,569",0,0,0,0,"3,820","1,735","37,290","21,922","36,920","21,344",440,578,
04,"$10,000 under $25,000","50,720","37,220","6,080","6,560","43,640","3,870","23,180","31,200","66,750","16,330","1,760",770,990,220,"6,750","14,420","870,042","50,720","886,191","37,120","601,813","12,180","10,414","8,850","21,731","7,930","13,563",560,213,"7,400","68,330","6,690","14,071","12,370","142,141",20,"2,130","9,898","6,610","13,578","1,210","1,351","10,280","16,149",330,72,60,373,860,"3,402",440,"1,573","3,670","3,979","48,640","697,664","48,640","677,966","10,660","19,697","2,080","48,291","37,557","1,570","25,811",970,"1,355",870,478,"1,470","9,198",160,167,"1,820","8,917","2,010","10,169","1,020","7,704",**,**,60,12,50,124,"1,430","3,331",60,704,"3,310","2,457","33,740","196,376","32,610","19,320",**,**,510,223,"10,640","3,667",970,60,660,237,"2,840","1,436","3,630",611,"3,320","1,295",30,17,"6,460","11,207","4,180","37,378","4,290","37,414","1,450",776,"45,960","110,854","11,970","34,195","10,200","30,153","7,370","12,636","2,280","1,976","1,150","1,159","25,890","15,653","30,270","28,012",**,**,0,0,"5,550","6,644","42,610","89,304","42,070","87,819",770,"1,485",
04,"$25,000 under $50,000","71,460","46,520","12,210","10,580","62,730","4,780","32,320","47,340","110,960","28,550","1,440",720,720,160,"10,280","17,890","2,650,703","71,460","2,694,646","59,440","2,065,010","19,150","16,655","13,060","41,007","11,940","26,432","2,250",647,"8,850","112,868","10,210","33,458","15,950","278,563",60,"3,470","19,300","13,420","105,637","2,330","14,796","20,150","43,943","1,340",311,210,"1,924","1,640","8,095","1,510","6,387","11,730","14,874","66,360","1,006,528","66,360","985,263","11,040","21,265","5,090","117,326","197,306","2,730","46,737","3,510","7,016","1,280",910,"3,930","22,974",570,598,"4,640","26,964","5,000","29,832","3,150","24,749",80,466,150,100,130,309,"3,820","12,661",170,"1,942","7,870","13,676","70,550","1,515,608","69,690","165,257",**,**,"2,370","2,076","25,740","28,768","3,100",266,"2,700","1,642","5,230","5,866","8,330","1,482","14,720","19,141",160,196,"7,080","19,645","6,110","56,385","6,330","57,836","2,400","1,459","69,070","278,545","10,230","20,832","8,680","17,213","9,960","19,536","2,930","2,699","1,510","1,902","58,030","136,493","61,020","158,391",**,**,0,0,"10,590","17,361","60,250","136,733","59,240","133,530","1,440","3,203",
04,"$50,000 under $75,000","53,660","29,210","16,110","6,530","47,040","3,740","26,870","33,210","93,390","23,860",520,160,370,0,"5,620","16,170","3,318,688","53,660","3,365,655","45,000","2,511,193","20,090","20,485","14,010","56,577","12,810","37,408","4,430","1,399","7,270","104,001","11,120","48,910","14,960","371,839",50,"2,310","13,559","12,070","203,916","2,530","22,143","17,290","46,967","1,580",382,230,"2,378","1,640","11,206","1,570","7,364","9,930","12,154","45,180","768,623","45,180","750,682","9,340","17,941","8,480","191,707","534,803","2,980","54,055","6,930","21,356","1,320","1,101","7,290","41,094",980,956,"7,940","55,333","8,410","58,643","6,360","50,739",120,741,260,212,170,389,"6,520","23,160",280,"2,924","7,330","19,357","53,410","2,338,643","53,240","293,361",20,101,"1,420","4,304","19,620","38,150","3,970",524,"2,100","1,203","3,810","4,940","2,400",428,"13,510","30,098",240,400,"5,720","18,877","1,860","23,990","2,460","28,001",950,848,"52,670","359,060",240,96,170,67,"2,990","5,129","2,390","2,356",470,892,"49,980","255,216","51,050","276,010",30,36,0,0,"11,580","26,073","41,890","107,988","40,660","103,330","1,670","4,658",
04,"$75,000 under $100,000","40,180","14,840","20,780","3,580","35,260","2,810","21,580","23,700","84,050","23,180",180,40,150,0,"3,240","13,770","3,493,964","40,180","3,531,864","33,870","2,574,352","18,990","21,846","13,570","67,613","12,550","46,303","5,710","1,708","6,210","97,094","10,950","64,388","13,200","425,090",40,"1,900","10,914","10,280","226,553","2,520","28,964","11,540","37,900","1,770",446,270,"3,218","1,240","9,797","1,090","5,613","4,910","5,542","31,380","630,228","31,380","614,677","7,740","15,552","8,810","212,893","767,259","2,490","48,461","7,600","30,612","1,070","1,029","7,900","47,358",970,894,"8,370","66,983","8,780","70,402","7,030","59,831",120,671,310,179,210,593,"7,130","28,919",250,"3,010","6,820","21,301","40,060","2,627,094","39,960","353,960",**,**,700,"3,308","17,230","41,337","4,170",584,"2,380","1,381","2,890","4,090",0,0,"12,950","34,149",150,348,"4,870","17,177",550,"7,119",930,"10,554",420,494,"39,730","398,506",0,0,0,0,710,"1,123","2,050","2,004",140,361,"39,180","312,625","39,470","331,799",**,**,0,0,"10,180","28,396","29,920","94,048","28,660","89,138","1,660","4,910",
04,"$100,000 under $200,000","79,700","13,640","61,560","3,440","70,670","5,780","44,750","38,130","208,920","67,830",110,20,90,0,"3,810","26,100","11,122,064","79,700","11,245,764","69,550","8,346,259","47,230","68,586","35,890","237,383","33,630","171,799","18,900","8,116","15,160","335,019","29,790","282,125","27,290","1,224,917",100,"3,490","20,026","18,120","483,718","7,910","169,601","28,470","123,700","5,260","1,429","1,240","19,061","3,390","34,077","2,710","15,408","11,290","12,662","58,520","1,336,621","58,520","1,307,804","13,660","28,818","21,180","614,242","3,034,825","4,230","96,173","19,180","125,342","1,830","2,197","19,710","141,714","2,210","1,452","20,190","185,593","21,150","196,999","17,820","196,997",280,"1,881",890,559,750,"3,249","18,700","107,523",710,"9,311","18,390","87,862","79,600","9,073,114","79,480","1,406,626",100,352,530,"4,825","45,860","128,198","12,260","3,026","9,250","5,522","6,900","9,550",0,0,"35,830","104,854",290,"1,036","12,210","54,205",110,"1,391",610,"6,630",370,706,"79,180","1,424,216",0,0,0,0,160,299,"5,570","5,550",**,**,"79,260","1,278,428","79,340","1,340,790",790,202,280,145,"30,280","120,815","49,240","202,188","45,760","177,974","4,640","24,214",
04,"$200,000 under $500,000","34,070","3,140","29,890",820,"30,650","2,540","22,300","10,120","101,810","37,940",**,**,**,0,580,"10,610","9,818,033","34,070","9,965,175","30,350","6,988,920","26,620","81,380","23,470","343,171","22,430","265,003","8,730","9,635","7,990","405,922","21,320","527,522","11,300","752,212",50,860,"5,530","6,240","190,337","7,870","556,431","11,020","147,142","1,660",424,"2,100","53,191","2,970","43,218",490,"4,522",0,0,"18,660","442,630","18,660","433,165","4,410","9,465","15,410","558,166","4,601,363","1,200","42,233","14,500","197,531",870,"1,449","14,540","150,010","1,230",720,"14,920","146,493","15,400","157,709","13,370","204,447",210,"1,940",920,380,"1,170","8,796","14,370","128,698",630,"13,448","12,500","131,813","34,070","8,680,352","34,050","1,714,224",390,"2,849",90,"1,077","25,000","74,667","10,790","7,906","4,930","2,761",0,0,0,0,"17,300","52,870",100,591,"7,430","56,992",0,0,100,"1,205",100,419,"33,880","1,734,354",0,0,0,0,**,**,0,0,0,0,"34,040","1,639,557","34,050","1,734,293","16,370","12,597","17,850","18,891","17,370","168,607","16,610","166,107","12,980","103,387","4,660","62,720",
04,"$500,000 or more","8,060",740,"7,080",170,"7,330",600,"6,880",960,"23,350","8,660",0,0,0,0,**,"3,160","12,439,879","8,060","12,571,521","6,990","4,577,501","7,570","553,222","7,110","743,786","6,920","543,966","3,280","48,445","2,430","354,849","7,040","3,805,932","2,550","227,272",30,70,519,"1,570","50,685","4,650","1,807,990","4,000","131,642",130,33,"1,200","57,374","1,730","31,572",160,"1,727",0,0,"2,520","59,950","2,520","58,353",740,"1,597","5,540","683,031","9,980,355",100,"9,254","5,340","331,448",190,393,"5,140","105,087",180,206,"5,410","53,879","5,540","75,738","4,190","82,648",110,"1,847",380,107,"1,450","64,101","5,360","397,151",610,"64,090","4,300","314,022","8,060","11,382,945","8,060","3,106,281",420,"11,327",20,271,"5,670","77,732","4,800","54,752",640,387,0,0,0,0,70,66,20,299,"2,960","45,012",0,0,20,271,**,**,"8,030","3,406,816",0,0,0,0,0,0,0,0,0,0,"8,060","3,028,549","8,060","3,254,618","6,090","34,165","7,330","142,702","4,110","328,377","3,940","476,116","1,510","78,385","2,770","397,731",
,,,,,,,,,,,,,,,,,,,,,,,,,,,,,,,,,,,,,,,,,,,,,,,,,,,,,,,,,,,,,,,,,,,,,,,,,,,,,,,,,,,,,,,,,,,,,,,,,,,,,,,,,,,,,,,,,,,,,,,,,,,,,,,,,,,,,,,,,,,,,,,,,,,,,,,
05,,"345,110","173,390","111,430","53,010","300,210","26,000","174,370","200,840","636,500","204,930","8,030","5,170","2,870","1,450","46,140","91,520","33,449,498","343,950","33,856,871","285,090","21,110,762","115,740","308,509","81,350","1,205,414","75,570","837,010","34,730","54,304","54,470","1,058,459","66,250","2,848,265","82,930","2,622,531",100,"12,220","66,752","52,260","910,354","20,310","274,562","88,780","407,373","9,070","2,323","3,750","112,628","8,940","93,455","5,480","27,223","34,930","40,571","290,330","4,748,925","290,330","4,650,342","51,410","98,583","51,370","1,783,714","15,808,290","13,740","256,221","43,980","548,475","6,230","6,655","44,940","414,409","5,170","6,434","47,890","403,522","51,080","449,155","39,090","448,789",730,"6,364","1,960","1,279","2,920","49,173","44,750","510,556","2,710","56,871","42,670","364,646","275,070","27,432,903","272,710","5,454,908",770,"11,363","4,880","11,096","131,270","338,029","26,030","40,285","18,900","11,265","21,520","24,725","17,090","3,003","88,130","186,955","1,640","3,461","43,850","175,705","13,790","128,917","15,370","141,192","5,990","4,701","327,850","6,226,092","55,950","133,734","49,710","117,767","40,920","69,799","18,530","17,437","3,230","3,499","238,030","5,116,839","256,460","5,465,891","15,580","39,317","16,990","110,271","70,400","475,577","263,670","1,226,831","254,310","778,713","12,040","434,477",
05,Under $1,"3,420","2,280",850,150,"2,190",750,"2,010",710,"4,730",800,30,30,**,0,100,"1,570","-571,107","2,270","-567,586",680,"32,078","1,020","13,364",850,"9,488",760,"4,645",80,805,"1,000","-11,373","1,080","14,855",520,"9,450",**,30,177,**,**,630,"-182,160",600,"3,521",**,**,**,**,150,"1,285",30,166,160,198,0,0,0,0,0,0,0,0,0,0,0,0,0,0,0,0,0,0,0,0,0,0,0,0,0,0,0,0,0,0,0,0,0,0,0,0,0,0,0,70,206,20,165,50,19,20,24,0,0,0,0,**,**,0,0,**,**,0,0,350,"1,239",340,"3,540",370,"3,791",0,0,"1,480","17,767",220,243,120,138,110,229,170,167,140,170,50,142,480,"2,657",30,66,0,0,250,455,"1,330","15,605","1,220","6,934",140,"3,054",
05,"$1 under $10,000","45,010","38,680","2,410","3,430","37,690","4,100","19,590","21,950","37,510","7,650","2,060","1,310",750,530,"4,180","8,560","225,236","45,000","230,037","33,430","172,377","7,650","3,511","5,350","6,442","4,810","4,166",180,90,"5,530","19,585","3,980","3,010","5,940","28,149",**,630,"1,998",140,550,510,"-2,901","5,700","4,801",80,17,**,**,310,"1,105",80,207,940,922,"44,250","448,711","44,250","437,402","6,410","11,309",750,"16,060","3,953",560,"9,071",310,444,310,134,480,"3,286",40,36,620,"2,899",710,"3,428",330,"2,728",20,167,**,**,30,65,410,494,20,98,130,85,"2,160","4,523","1,260",377,0,0,140,80,320,46,240,14,0,0,40,18,**,**,40,24,0,0,"4,730","3,466","1,280","11,712","1,360","12,058",**,**,"37,120","30,760","12,940","13,338","11,160","11,897","3,610","2,405","1,690","1,489",350,335,"1,170",331,"6,260","3,991",0,0,0,0,"3,710","1,843","35,000","28,653","34,760","28,302",290,352,
05,"$10,000 under $25,000","62,440","39,890","6,840","14,690","54,880","4,330","28,590","43,300","98,550","34,450","2,610","1,810",810,570,"13,720","13,710","1,069,822","62,440","1,087,063","48,580","797,371","9,860","7,705","6,110","15,262","5,500","9,761",670,245,"11,370","95,974","4,520","10,211","11,510","133,005",**,"2,650","12,289","5,540","11,016",990,"2,166","13,420","17,241",460,107,50,446,590,"2,336",340,"1,087","3,650","3,750","60,480","896,030","60,480","878,729","9,620","17,301","1,960","42,973","35,250","1,430","22,545",940,"1,362",800,470,"1,330","8,463",140,147,"1,680","8,355","1,890","9,688",900,"6,178",**,**,40,10,40,87,"1,330","3,335",90,634,"3,670","2,627","39,720","219,510","39,050","21,987",**,**,520,217,"15,640","5,633",690,54,"1,170",391,"3,570","1,782","4,300",723,"7,090","2,617",70,42,"9,520","16,304","4,480","38,404","4,610","38,877","1,790",997,"58,460","183,910","24,400","81,341","21,980","71,750","16,890","29,104","3,880","3,442","1,090",993,"27,330","16,354","35,240","34,005",20,21,0,0,"5,620","6,865","54,830","156,579","54,430","155,495",550,"1,084",
05,"$25,000 under $50,000","77,330","44,380","11,420","19,330","68,290","4,990","34,940","54,880","132,510","44,790","2,280","1,590",690,350,"15,950","16,400","2,828,139","77,330","2,864,587","66,990","2,336,755","15,550","13,119","8,960","27,218","8,130","18,049","2,910",754,"9,510","86,828","6,620","20,173","14,630","259,615",40,"3,280","18,901","11,420","85,914","1,800","11,044","19,120","36,448","1,380",328,130,991,"1,120","5,773","1,290","4,817","10,990","13,185","72,090","1,113,722","72,090","1,095,809","9,590","17,912","5,240","116,135","203,633","2,890","40,624","3,750","8,521","1,200","1,160","3,750","22,029",730,"1,422","4,690","27,338","5,160","31,131","2,960","19,865",80,494,90,71,90,196,"4,230","17,884",340,"4,573","7,050","11,630","76,620","1,582,253","76,060","173,395",**,**,"2,200","1,745","34,730","44,007","1,890",160,"4,610","3,026","7,260","8,235","10,910","1,958","23,380","29,802",480,541,"6,740","16,215","5,850","51,804","6,060","53,515","2,760","1,799","75,410","317,955","18,130","38,710","16,270","33,910","16,690","32,125","4,800","4,386","1,260","1,272","57,150","129,388","60,920","148,233",**,**,0,0,"10,070","15,561","66,780","184,473","66,140","182,486",920,"1,987",
05,"$50,000 under $75,000","47,180","24,740","12,400","8,370","40,810","3,530","23,590","30,130","83,800","24,410",670,320,350,**,"6,170","13,660","2,899,895","47,180","2,932,729","40,330","2,255,987","15,680","15,745","9,680","39,212","8,890","26,531","4,600","1,382","5,840","69,681","7,300","31,774","12,690","320,056",**,"1,830","11,253","9,890","162,419","1,740","18,161","13,990","32,834","1,510",372,150,"1,604",940,"6,408","1,120","4,975","8,350","10,108","39,460","663,539","39,460","649,258","7,590","14,282","7,730","172,044","484,503","2,830","42,934","6,430","21,133","1,090","1,107","6,460","37,105",990,"1,570","7,070","51,037","7,680","55,696","5,590","39,158",110,614,170,188,120,135,"6,360","26,937",390,"4,495","5,310","13,718","47,000","2,045,253","46,860","257,031",30,46,"1,070","3,171","18,490","38,264","2,570",325,"2,330","1,402","3,770","4,935","1,880",322,"13,970","29,999",460,786,"4,230","12,602","1,400","17,473","1,860","20,576",850,773,"46,470","314,785",260,102,180,72,"3,010","4,982","2,540","2,509",310,576,"43,640","218,767","44,590","232,946",20,33,0,0,"9,680","21,425","37,350","102,156","36,540","98,838","1,080","3,317",
05,"$75,000 under $100,000","30,210","11,490","14,300","3,610","26,220","2,240","16,430","18,010","62,440","18,010",210,70,140,0,"2,910","10,410","2,618,328","30,210","2,642,318","25,630","1,947,820","13,520","16,745","8,840","44,162","8,160","31,266","4,850","1,920","4,300","61,692","6,770","42,672","9,950","332,078",**,"1,300","7,551","7,660","163,497","1,630","15,762","8,000","23,990","1,330",343,150,"1,740",780,"6,212",650,"3,459","3,540","3,940","23,130","457,397","23,130","446,101","5,690","11,296","7,080","168,519","614,812","2,050","36,507","6,180","26,769",790,878,"6,300","38,018",870,"1,087","6,600","54,199","7,060","58,084","5,560","41,687",100,565,230,290,140,337,"5,990","26,254",320,"3,534","4,470","13,703","30,130","1,975,223","30,060","269,583",**,**,480,"2,253","12,900","31,536","2,680",455,"1,770","1,034","2,290","3,218",0,0,"10,070","25,686",250,546,"3,270","10,745",370,"5,034",640,"7,422",290,373,"29,900","310,992",0,0,0,0,500,755,"1,700","1,640",80,153,"29,510","238,047","29,690","250,657",**,**,0,0,"7,520","21,158","22,610","80,757","21,840","69,456","1,070","3,276",
05,"$100,000 under $200,000","52,140","9,540","39,100","2,770","45,520","4,050","29,980","24,940","134,790","43,660",170,40,130,0,"2,740","17,940","7,226,073","52,140","7,300,505","45,460","5,377,033","30,300","47,065","21,760","154,033","20,320","112,152","13,200","6,497","9,640","201,387","17,660","174,102","18,520","857,998",20,"2,070","11,911","12,430","324,132","4,770","100,398","17,960","74,432","3,340",907,770,"11,409","1,920","19,625","1,600","8,983","7,300","8,468","38,130","866,030","38,130","846,901","9,110","19,129","14,010","407,918","1,988,558","3,060","69,535","12,530","81,188","1,320","1,677","12,820","98,735","1,470","1,342","13,100","120,286","13,980","131,115","11,410","120,280",160,"1,144",570,388,480,"2,284","12,610","71,448",660,"9,473","11,230","52,996","52,070","5,889,987","51,990","915,782",90,355,360,"2,924","29,240","80,997","7,430","1,889","5,420","3,287","4,590","6,537",0,0,"22,910","65,835",300,866,"7,600","33,200",70,950,410,"4,250",230,439,"51,770","929,042",0,0,0,0,110,199,"3,750","3,804",**,**,"51,840","834,785","51,910","873,160",540,154,180,62,"19,740","80,783","32,290","135,013","30,190","119,136","2,780","15,877",
05,"$200,000 under $500,000","21,160","1,920","18,540",520,"18,950","1,570","13,960","6,190","63,200","23,590",**,**,**,0,370,"7,090","6,156,916","21,160","6,257,416","18,650","4,279,990","16,360","48,197","14,360","236,065","13,730","179,977","5,640","7,718","5,350","271,597","12,960","346,466","7,290","511,355",40,390,"2,406","4,150","128,946","4,800","352,229","6,920","100,500",900,232,"1,420","41,693","1,850","26,845",270,"2,551",0,0,"11,150","264,503","11,150","258,136","2,950","6,367","10,010","373,335","3,043,209",850,"29,576","9,410","129,607",570,948,"9,480","111,851",740,522,"9,660","94,826","10,010","103,333","8,690","140,418",150,"1,422",530,251,820,"6,252","9,360","81,467",390,"9,759","7,740","81,549","21,150","5,434,079","21,140","1,074,170",300,"2,003",60,687,"15,540","47,778","6,870","5,764","3,070","1,772",0,0,0,0,"10,620","32,933",80,680,"5,010","40,008",0,0,60,703,70,320,"21,040","1,096,761",0,0,0,0,**,**,0,0,0,0,"21,120","1,026,392","21,150","1,091,531","10,010","8,093","11,160","12,160","10,620","106,940","10,470","110,583","8,030","66,047","3,100","44,536",
05,"$500,000 or more","6,220",470,"5,570",140,"5,660",440,"5,280",730,"18,970","7,570",0,0,0,0,**,"2,180","10,996,196","6,220","11,109,802","5,340","3,911,351","5,800","143,058","5,440","673,532","5,270","450,463","2,600","34,893","1,930","263,088","5,360","2,205,002","1,880","170,825",**,40,266,"1,030","33,880","3,440","-40,137","3,070","113,606",70,17,"1,080","54,745","1,280","23,866",100,978,0,0,"1,640","38,993","1,640","38,006",450,987,"4,590","486,730","9,434,372",70,"5,429","4,430","279,451",150,281,"4,320","94,922",190,308,"4,470","44,582","4,590","56,680","3,650","78,475",110,"1,958",330,81,"1,200","39,817","4,460","282,737",500,"24,305","3,070","188,338","6,220","10,282,075","6,220","2,742,377",330,"8,794",**,**,"4,390","89,744","3,660","31,624",530,353,0,0,0,0,50,59,**,**,"2,400","41,926",0,0,**,**,**,**,"6,200","3,024,120",0,0,0,0,0,0,0,0,0,0,"6,220","2,652,633","6,220","2,828,711","4,960","30,950","5,650","98,049","3,190","220,547","3,010","413,012","1,160","52,019","2,110","360,994",
,,,,,,,,,,,,,,,,,,,,,,,,,,,,,,,,,,,,,,,,,,,,,,,,,,,,,,,,,,,,,,,,,,,,,,,,,,,,,,,,,,,,,,,,,,,,,,,,,,,,,,,,,,,,,,,,,,,,,,,,,,,,,,,,,,,,,,,,,,,,,,,,,,,,,,,
06,,"338,720","161,310","135,900","35,520","299,930","21,960","179,690","185,400","650,220","206,930","6,620","3,120","3,500",830,"39,210","91,800","34,849,578","337,650","35,286,349","280,110","23,525,220","128,540","334,206","100,770","1,255,789","93,850","958,330","38,320","51,741","49,870","1,125,372","84,660","2,773,644","86,410","2,869,086","1,520","12,450","64,282","54,300","1,007,430","23,900","2,280,258","84,200","436,771","8,920","2,280","3,930","103,650","11,170","116,714","6,180","32,478","30,170","34,451","281,850","4,724,524","281,850","4,618,890","53,650","105,632","53,270","1,856,553","14,861,634","11,970","247,100","46,150","582,417","6,160","6,529","48,730","408,375","4,870","3,892","50,740","440,200","53,030","473,911","43,160","555,848",870,"7,701","2,910","1,644","3,080","56,882","45,570","463,171","1,820","30,929","48,390","452,462","272,940","28,492,701","269,920","5,615,821",810,"9,611","4,640","11,526","135,220","333,673","33,980","49,843","16,970","9,701","18,140","21,597","16,000","2,838","90,170","213,641","1,200","3,659","40,890","180,617","10,670","108,841","12,090","120,322","5,940","4,837","320,390","6,077,268","39,230","92,125","34,820","82,615","30,970","54,434","14,880","14,217","3,230","3,986","241,840","5,282,140","255,390","5,622,948","20,860","42,874","21,850","92,465","75,490","558,795","250,720","1,003,828","240,020","736,190","14,120","267,637",
06,Under $1,"3,600","2,300","1,060",160,"2,430",690,"2,280",730,"5,280","1,060",**,**,**,0,70,"1,670","-396,895","2,530","-392,653",760,"36,608","1,290","5,137","1,090","10,327",990,"7,809",80,285,"1,080","-10,019","1,360","30,510",630,"13,996",160,30,125,**,**,680,"-151,137",700,"4,242",**,**,20,154,200,"1,528",20,112,150,194,0,0,0,0,0,0,0,0,0,0,0,0,0,0,0,0,0,0,0,0,0,0,0,0,0,0,0,0,0,0,0,0,0,0,0,**,**,0,0,80,225,20,234,50,26,30,20,0,0,0,0,**,**,0,0,40,23,0,0,430,"1,410",370,"4,541",410,"4,842",0,0,"1,600","13,120",220,255,130,162,150,273,170,168,170,257,60,193,540,"1,926",40,60,0,0,280,788,"1,450","11,986","1,350","10,136",140,"1,850",
06,"$1 under $10,000","46,560","41,570","2,420","2,160","39,160","3,950","20,380","20,690","31,970","6,190","1,930",930,"1,000",390,"3,340","8,330","219,518","46,560","223,937","35,430","168,799","8,560","3,841","6,980","8,066","6,310","5,187",160,93,"4,340","15,745","5,180","3,998","5,880","27,411",90,450,"1,440",140,542,480,"-1,707","4,570","4,419",50,12,**,**,400,"1,623",80,253,700,688,"45,900","417,763","45,900","405,998","6,600","11,765",660,"16,628","3,198",520,"10,517",270,614,270,119,410,"2,640",30,10,550,"2,461",610,"2,749",300,"2,706",0,0,**,**,**,**,350,417,**,**,140,117,"2,900","5,541","1,490",316,0,0,140,55,360,37,270,14,0,0,40,11,**,**,**,**,0,0,"3,740","2,685",980,"10,234","1,040","10,426",**,**,"37,400","26,181","9,470","9,800","8,320","8,837","2,770","1,848","1,200","1,061",370,343,"1,400",280,"5,470","3,056",0,0,0,0,"3,230","1,424","35,760","24,551","35,530","24,011",310,540,
06,"$10,000 under $25,000","50,990","35,300","5,770","9,070","45,410","2,960","25,390","34,360","75,690","24,690","1,990","1,060",930,290,"10,950","11,750","874,811","50,990","888,779","39,920","651,360","9,470","7,556","6,560","15,400","5,930","9,403",460,270,"6,890","65,646","5,140","12,491","10,260","113,871",170,"2,420","10,304","5,160","10,410",850,"-1,023","9,340","13,968",230,51,30,207,740,"3,028",340,"1,049","3,010","3,170","49,450","717,384","49,450","701,341","8,690","16,043","1,540","38,615","27,781","1,170","21,688",760,"1,250",600,346,"1,090","6,366",100,95,"1,360","6,640","1,480","7,539",770,"6,279",**,**,50,6,60,164,"1,000","2,353",60,335,"2,900","2,082","33,670","190,967","33,030","19,274",**,**,550,239,"12,920","4,763",800,44,760,289,"2,750","1,439","3,920",639,"5,730","2,307",60,34,"6,050","10,382","3,050","28,417","3,130","28,584","1,590",879,"47,400","136,984","16,260","53,612","14,580","48,435","11,600","20,031","2,500","2,161","1,030","1,061","23,780","14,511","28,710","26,106",**,**,0,0,"4,350","5,075","44,640","115,805","44,260","114,331",540,"1,475",
06,"$25,000 under $50,000","65,950","38,900","12,370","12,880","59,160","3,740","33,200","45,230","112,990","35,800","1,620",840,780,150,"13,380","14,620","2,415,891","65,950","2,447,907","56,470","1,948,766","14,520","12,633","10,050","32,344","9,160","20,890","1,890",809,"6,920","83,440","7,910","26,541","13,310","228,731",270,"3,180","16,534","10,860","83,940","1,660","8,196","15,010","32,016",930,215,140,"1,211","1,260","6,250","1,090","4,280","8,440","10,067","62,190","971,120","62,190","953,559","9,120","17,560","3,760","90,054","145,339","2,180","37,896","2,580","5,422",980,765,"2,850","15,908",410,742,"3,440","19,406","3,710","21,630","2,270","18,282",70,430,90,58,90,119,"2,790","10,291",130,933,"6,040","10,551","65,130","1,344,395","64,430","146,223",20,61,"1,960","1,750","27,840","33,129","2,410",179,"2,730","1,812","4,560","5,173","9,750","1,794","17,890","23,480",370,546,"5,370","14,544","4,430","41,893","4,600","43,291","2,680","1,680","64,050","266,421","12,980","28,336","11,590","25,092","12,650","25,567","2,850","2,589","1,150","1,408","50,050","113,095","52,820","130,154",30,19,0,0,"8,870","13,622","56,560","149,259","55,840","146,678","1,040","2,580",
06,"$50,000 under $75,000","43,100","21,700","14,670","5,420","38,500","2,520","22,760","26,970","80,030","22,480",600,210,400,**,"5,420","12,840","2,655,910","43,100","2,690,357","36,150","2,003,531","15,010","15,127","10,740","43,556","9,900","28,381","3,440","1,148","5,600","80,462","8,640","39,752","12,220","305,012",220,"1,820","9,921","9,700","163,171","1,840","18,489","12,380","34,447","1,270",305,200,"1,984","1,170","8,449","1,120","5,321","6,630","7,936","37,200","651,088","37,200","636,339","7,660","14,749","5,900","138,108","371,736","2,260","42,491","4,730","13,545","1,020",932,"5,110","28,102",620,715,"5,510","37,691","5,860","40,457","4,330","34,970",90,563,210,161,130,249,"4,450","16,850",150,"1,788","5,730","14,992","42,900","1,851,025","42,710","229,603",**,**,"1,010","3,039","17,030","34,387","3,270",351,"1,530",921,"3,020","3,931","2,330",405,"11,950","27,709",260,645,"4,330","14,189","1,360","17,572","1,760","20,432",930,844,"42,360","283,967",300,122,200,89,"3,080","5,461","1,980","1,968",380,634,"39,340","195,217","40,290","211,195",**,**,0,0,"8,980","19,070","33,940","91,085","33,010","87,724","1,290","3,361",
06,"$75,000 under $100,000","30,500","9,880","17,540","2,430","27,040","1,910","16,790","17,930","67,180","19,220",260,60,200,0,"2,580","10,870","2,649,867","30,500","2,681,647","25,420","1,905,239","14,060","16,393","10,340","53,064","9,600","36,879","4,560","1,780","4,960","85,141","8,460","48,793","10,600","345,801",150,"1,440","7,586","8,190","181,768","1,960","24,276","8,840","31,780","1,210",303,210,"2,377","1,090","9,057",870,"4,858","3,560","4,011","24,530","507,563","24,530","494,749","6,330","12,814","5,970","148,945","519,571","1,750","37,318","5,060","19,722",810,808,"5,440","32,853",590,432,"5,630","44,800","5,950","47,555","4,740","41,524",110,799,250,155,140,493,"4,770","19,066",130,"1,583","5,470","18,141","30,390","1,973,717","30,310","260,259",**,**,510,"2,609","13,700","33,789","3,370",561,"1,580",920,"2,300","3,293",0,0,"10,370","28,169",110,312,"3,900","14,640",410,"5,358",680,"7,928",360,456,"30,130","295,161",0,0,0,0,590,977,"1,650","1,655",130,283,"29,610","226,470","29,860","242,934",**,**,0,0,"7,660","21,168","22,750","72,726","21,760","68,675","1,370","4,051",
06,"$100,000 under $200,000","61,480","8,990","49,290","2,540","55,030","3,810","34,440","29,450","164,940","54,270",190,20,160,0,"2,940","20,850","8,622,270","61,480","8,719,492","53,110","6,349,306","36,290","51,713","28,470","191,852","26,570","139,271","15,930","8,708","11,760","252,387","23,520","225,909","22,100","1,043,971",220,"2,400","13,920","14,530","394,288","6,370","139,528","21,380","97,222","3,940","1,073",920,"14,488","2,630","27,120","2,160","11,961","7,680","8,385","44,970","1,040,388","44,970","1,016,114","11,340","24,274","16,510","487,133","2,394,623","3,160","67,713","14,860","95,737","1,500","1,895","15,620","111,991","1,700","1,057","15,760","146,143","16,490","154,727","14,160","168,236",250,"1,806",900,580,570,"1,966","14,560","84,083",490,"6,474","14,340","69,974","61,420","7,016,381","61,340","1,078,464",100,375,360,"3,194","36,400","102,084","10,300","2,887","6,150","3,534","5,470","7,750",0,0,"28,230","83,295",250,944,"9,100","40,947",70,826,410,"4,193",290,554,"61,060","1,093,255",0,0,0,0,130,277,"4,530","4,615",**,**,"61,100","976,380","61,190","1,023,272",590,155,180,72,"23,270","91,619","38,060","159,718","35,420","141,364","3,620","18,354",
06,"$200,000 under $500,000","29,680","2,210","26,600",690,"26,950","1,900","18,750","9,180","91,240","35,010",30,**,30,0,530,"8,600","8,598,335","29,680","8,714,302","26,860","6,297,290","22,930","60,183","20,530","282,464","19,560","218,209","8,900","11,319","6,510","337,305","18,480","421,436","9,410","621,403",160,650,"4,105","4,720","141,459","6,510","467,758","8,950","115,967","1,200",300,"1,550","39,732","2,330","34,052",400,"3,580",0,0,"15,490","368,876","15,490","361,541","3,390","7,334","14,190","510,256","4,252,044",880,"26,512","13,350","178,112",800,"1,331","13,690","134,167","1,190",617,"13,840","136,617","14,190","144,615","12,770","205,782",240,"2,222","1,020",487,"1,020","6,718","13,090","114,299",440,"8,956","10,430","112,121","29,670","7,602,643","29,670","1,499,997",310,"2,249",60,614,"22,240","68,929","9,550","8,154","3,840","2,003",0,0,0,0,"15,900","48,590",110,589,"5,820","45,907",0,0,60,626,90,424,"29,560","1,508,873",0,0,0,0,**,**,0,0,0,0,"29,650","1,431,068","29,660","1,509,190","14,820","11,625","15,470","14,703","15,150","140,824","14,440","138,464","11,520","90,514","3,720","47,950",
06,"$500,000 or more","6,860",460,"6,180",170,"6,250",480,"5,700",860,"20,900","8,210",0,0,0,0,**,"2,270","9,209,871","6,860","9,312,581","5,990","4,164,321","6,410","161,623","6,010","618,716","5,830","492,301","2,900","27,329","1,810","215,265","5,970","1,964,214","2,000","168,890",80,60,347,"1,000","31,852","3,550","1,775,878","3,030","102,710",90,21,860,"43,497","1,350","25,607",100,"1,064",0,0,"2,120","50,342","2,120","49,249",520,"1,093","4,740","426,814","7,147,342",50,"2,965","4,540","268,015",180,333,"4,520","76,348",230,224,"4,650","46,442","4,740","54,639","3,820","78,069",110,"1,881",390,197,"1,070","47,173","4,560","215,812",420,"10,860","3,340","224,484","6,860","8,508,032","6,860","2,381,460",360,"6,692",**,**,"4,700","56,535","4,010","37,653",380,222,0,0,0,0,60,68,40,589,"2,150","35,913",0,0,**,**,**,**,"6,830","2,453,306",0,0,0,0,0,0,0,0,0,0,"6,850","2,324,926","6,850","2,475,115","5,380","31,015","6,200","77,690","3,700","265,205","3,120","240,234","1,330","52,757","2,090","187,476",
,,,,,,,,,,,,,,,,,,,,,,,,,,,,,,,,,,,,,,,,,,,,,,,,,,,,,,,,,,,,,,,,,,,,,,,,,,,,,,,,,,,,,,,,,,,,,,,,,,,,,,,,,,,,,,,,,,,,,,,,,,,,,,,,,,,,,,,,,,,,,,,,,,,,,,,
07,,"366,710","181,890","130,390","47,280","324,590","24,540","191,410","223,250","664,630","196,350","7,750",390,"7,380",70,"49,820","101,320","24,553,259","365,570","24,818,581","302,060","17,685,940","115,840","190,289","82,410","558,709","76,770","423,711","31,790","21,798","46,870","745,718","64,510","970,084","96,910","2,656,356",750,"17,520","91,369","59,920","954,474","17,050","852,423","81,410","265,322","9,090","2,360","1,890","37,070","7,920","65,314","5,930","29,123","33,280","37,057","329,610","5,538,961","329,610","5,411,334","65,090","127,629","33,390","979,669","5,826,434","8,580","163,996","28,180","230,327","4,400","4,589","30,070","212,751","3,200","2,578","31,430","256,574","33,170","276,716","26,320","258,306",560,"3,533","1,430",833,"1,260","12,136","26,900","208,458","1,970","43,392","38,020","244,490","285,930","18,392,789","283,980","3,066,820",360,"2,878","5,950","11,408","129,510","255,367","21,940","16,438","15,760","9,268","20,920","24,203","21,490","3,751","89,280","185,828",910,"2,355","36,490","117,323","11,580","129,969","12,770","141,207","8,090","6,240","346,990","3,578,055","56,250","133,501","50,270","119,749","41,370","70,869","17,000","15,875","4,420","4,521","248,990","2,811,450","265,310","2,989,465","8,540","12,932","9,370","28,435","64,060","294,032","288,600","871,271","281,360","761,328","9,650","109,943",
07,Under $1,"3,720","2,430","1,030",120,"2,450",730,"2,260",750,"5,170",750,40,**,40,0,100,"1,870","-210,842","2,580","-208,273",720,"27,215","1,130","2,443",930,"4,571",840,"3,084",70,93,"1,190","-13,627","1,170","7,451",660,"9,751",80,30,170,**,**,590,"-51,957",610,"2,569",**,**,**,**,180,"1,071",**,**,160,182,0,0,0,0,0,0,0,0,0,0,0,0,0,0,0,0,0,0,0,0,0,0,0,0,0,0,0,0,0,0,0,0,0,0,0,**,**,0,0,60,37,**,**,50,18,**,**,0,0,0,0,0,0,0,0,**,**,0,0,370,812,370,"5,223",390,"5,127",0,0,"1,550","8,533",250,303,150,203,100,215,130,118,270,408,50,28,490,"1,071",30,26,0,0,260,398,"1,430","7,961","1,340","5,997",130,"1,964",
07,"$1 under $10,000","53,030","45,450","3,640","3,420","45,000","4,680","22,900","25,920","43,270","8,110","2,840",100,"2,750",**,"4,570","12,230","260,007","53,030","264,072","39,030","195,305","9,890","4,051","6,360","6,873","5,720","4,191",170,70,"4,720","15,553","4,430","1,710","8,960","41,619",50,790,"2,583",150,617,450,-631,"4,840","4,065",50,11,**,**,350,"1,131",90,360,800,774,"52,440","541,884","52,440","524,094","9,900","17,790",600,"13,113","3,072",480,"7,719",210,288,280,131,390,"2,241",40,22,490,"2,172",550,"2,596",290,"2,076",20,112,**,**,20,7,310,356,**,**,70,20,"1,810","3,190","1,270",327,0,0,310,122,230,33,150,5,0,0,**,**,0,0,40,17,0,0,"3,880","2,762","1,150","13,786","1,200","13,944",20,9,"42,850","33,345","12,920","13,903","11,530","12,690","3,780","2,530","1,150",994,610,505,"1,210",300,"5,510","3,184",0,0,0,0,"3,060","1,355","41,180","31,512","41,010","31,158",240,354,
07,"$10,000 under $25,000","68,290","44,260","8,970","13,900","60,760","4,320","33,080","48,410","104,550","33,100","2,250",100,"2,150",70,"14,860","17,190","1,172,260","68,290","1,187,360","53,110","863,980","12,300","8,822","7,960","16,194","7,220","10,052",530,213,"8,920","76,793","5,550","9,040","15,240","175,389",70,"4,090","18,279","7,320","13,870","1,000",475,"11,420","15,100",300,67,50,282,760,"2,587",410,"1,335","3,460","3,437","66,910","1,004,915","66,910","979,759","13,300","25,156","1,380","33,519","24,913","1,050","18,928",660,796,530,307,970,"5,492",110,86,"1,220","5,746","1,310","6,298",680,"5,003",**,**,40,12,**,**,860,"1,971",90,793,"3,090","2,156","43,470","241,718","42,870","24,313",**,**,"1,120",480,"16,000","5,611",700,34,"1,090",396,"3,050","1,508","4,950",781,"7,620","2,872",30,13,"7,530","12,793","3,580","37,576","3,660","37,734","2,390","1,282","64,010","188,117","23,870","78,262","21,510","70,671","16,260","27,711","2,950","2,487","1,670","1,261","31,400","18,702","37,950","33,208",**,**,0,0,"5,030","5,369","60,750","160,157","60,410","159,188",520,970,
07,"$25,000 under $50,000","85,920","48,790","16,450","18,180","77,490","4,790","42,240","62,510","146,400","44,860","1,590",140,"1,450",**,"17,640","19,410","3,127,524","85,920","3,161,088","74,180","2,537,111","17,710","14,398","11,530","30,467","10,560","19,964","2,540",841,"8,170","84,748","8,440","20,440","18,340","317,087",120,"4,980","26,474","15,070","110,889","1,830","9,194","17,460","33,564",990,232,100,683,"1,310","5,733","1,350","5,284","9,750","10,840","82,170","1,301,325","82,170","1,276,211","12,670","25,115","3,750","83,062","145,272","1,900","31,083","2,640","5,330",920,852,"2,920","16,036",410,506,"3,400","19,401","3,700","21,445","2,400","17,601",50,297,100,90,60,68,"2,640","9,218",210,"1,987","6,710","10,808","85,120","1,731,597","84,420","188,978",**,**,"2,630","2,231","36,280","42,719","2,330",131,"4,290","2,812","5,760","6,141","13,350","2,429","24,100","30,660",250,265,"6,070","15,999","4,780","50,660","4,940","52,791","3,690","2,314","84,110","350,003","18,840","40,883","16,800","36,069","17,000","33,232","3,740","3,281","1,420","1,583","65,490","146,259","69,170","165,893",**,**,0,0,"10,070","14,590","75,410","198,141","74,700","196,160","1,050","1,981",
07,"$50,000 under $75,000","51,040","23,390","19,450","6,620","45,460","3,150","27,740","33,100","96,660","26,310",580,20,560,0,"6,470","15,330","3,139,696","51,040","3,171,990","43,580","2,396,144","17,040","16,080","11,470","38,374","10,670","26,299","4,410","1,312","6,060","72,266","8,640","31,900","15,250","376,273",80,"2,770","15,349","12,000","195,513","1,970","14,775","13,570","32,294","1,360",331,130,"1,207",980,"5,944","1,180","5,636","7,350","8,601","45,380","818,699","45,380","800,279","9,490","18,420","5,660","123,297","355,142","1,780","32,521","4,690","13,768",840,845,"5,040","26,985",600,512,"5,340","37,116","5,630","39,246","4,510","33,209",100,524,200,126,70,152,"4,070","13,239",260,"3,066","5,900","14,502","50,900","2,182,602","50,820","268,809",**,**,"1,080","3,074","20,180","41,418","3,010",267,"2,100","1,225","3,570","4,572","3,190",541,"14,870","33,880",220,418,"4,470","13,386","1,320","17,685","1,660","20,613","1,120","1,007","50,410","332,020",370,150,280,116,"3,520","6,065","2,370","2,286",360,590,"47,110","227,391","48,180","243,555",0,0,0,0,"9,930","20,452","41,010","108,219","40,090","105,052","1,250","3,167",
07,"$75,000 under $100,000","34,310","9,170","21,820","2,730","30,440","2,220","19,580","21,140","77,770","21,690",250,30,230,0,"3,160","11,870","2,974,926","34,310","3,001,417","29,370","2,189,204","14,670","16,076","10,370","41,576","9,670","29,425","5,210","1,809","4,850","64,526","7,880","41,168","12,370","398,798",80,"1,980","11,388","9,310","202,728","1,810","20,248","9,240","26,491","1,450",366,120,"1,247",800,"5,728",880,"4,582","4,100","4,748","29,250","624,223","29,250","609,513","7,250","14,710","5,060","117,402","438,881","1,290","23,781","4,330","16,459",640,696,"4,680","26,703",520,419,"4,800","38,498","5,050","40,553","4,190","33,037",80,449,220,168,70,208,"3,930","15,388",270,"3,088","5,020","14,760","34,270","2,215,496","34,230","286,159",**,**,410,"1,922","15,160","38,795","2,860",381,"1,970","1,145","2,920","4,045",0,0,"12,140","32,278",140,373,"3,660","11,832",340,"4,441",540,"6,557",420,530,"34,020","323,814",0,0,0,0,590,876,"2,100","2,054",90,174,"33,580","247,364","33,800","261,458",**,**,0,0,"7,880","20,518","26,370","82,247","25,480","79,051","1,220","3,196",
07,"$100,000 under $200,000","53,470","6,840","44,170","1,930","47,640","3,520","31,710","26,730","142,290","44,710",200,0,200,0,"2,770","17,660","7,253,182","53,470","7,323,273","46,970","5,394,830","29,700","41,667","22,280","126,522","20,980","93,071","14,030","6,544","9,060","181,903","17,790","159,081","19,960","912,587",170,"2,520","14,623","12,810","334,214","4,720","95,239","18,580","70,091","4,140","1,152",610,"8,565","1,800","17,832","1,710","9,026","7,660","8,475","43,400","1,009,482","43,400","988,141","10,090","21,341","10,070","287,059","1,418,330","1,760","38,117","9,130","56,164",850,"1,130","9,560","66,217","1,060",613,"9,540","88,198","10,060","94,646","8,540","86,884",190,"1,192",450,240,300,"1,023","8,710","52,773",630,"10,972","10,810","51,782","53,430","5,898,319","53,390","891,681",80,255,300,"2,858","29,930","82,306","7,250","1,402","4,890","2,926","5,620","7,937",0,0,"23,790","67,084",200,765,"6,910","29,743",40,598,330,"3,674",370,760,"53,200","908,481",0,0,0,0,120,240,"4,560","4,655",**,**,"53,240","809,375","53,290","845,781",380,105,130,47,"19,180","72,473","34,210","134,047","32,200","122,079","2,630","11,967",
07,"$200,000 under $500,000","14,440","1,310","12,680",340,"13,040",990,"9,760","4,360","41,510","14,410",**,**,**,0,250,"4,800","4,082,293","14,440","4,136,620","12,910","2,861,232","11,070","30,711","9,400","126,127","9,050","99,789","3,900","4,065","3,210","177,686","8,510","207,340","5,330","357,651",70,360,"2,503","2,820","83,360","3,270","222,826","4,540","54,327",770,193,660,"16,832","1,250","16,961",250,"2,316",0,0,"9,040","214,444","9,040","209,882","2,140","4,563","5,400","191,588","1,584,371",320,"11,847","5,100","67,501",290,520,"5,140","47,375",410,328,"5,200","51,137","5,400","54,957","4,620","62,214",90,614,320,162,400,"1,990","4,970","48,741",350,"11,849","5,090","60,618","14,440","3,613,254","14,430","712,300",150,770,50,703,"10,050","27,435","4,240","2,874","1,270",683,0,0,0,0,"6,720","19,037",70,521,"2,850","21,817",0,0,50,767,80,338,"14,360","719,431",0,0,0,0,**,**,0,0,0,0,"14,420","684,864","14,430","721,657","6,320","4,785","7,000","6,707","7,330","70,742","7,080","67,411","5,600","43,406","1,860","24,005",
07,"$500,000 or more","2,490",250,"2,180",40,"2,310",140,"2,140",330,"7,010","2,410",0,0,0,0,**,960,"2,754,213","2,490","2,781,034","2,190","1,220,919","2,330","56,041","2,110","168,005","2,060","137,836",930,"6,851",690,"85,870","2,100","491,954",800,"67,201",30,**,**,440,"13,283","1,410","542,254","1,150","26,821",30,8,220,"8,254",490,"8,327",60,584,0,0,"1,020","23,989","1,020","23,455",250,534,"1,470","130,629","1,856,453",**,**,"1,420","70,021",50,108,"1,370","21,702",50,92,"1,440","14,306","1,470","16,975","1,090","18,282",30,345,100,35,340,"8,688","1,410","66,772",160,"11,637","1,330","89,844","2,490","2,506,613","2,490","694,216",130,"1,853",**,**,"1,680","17,050","1,400","11,344",150,81,0,0,0,0,**,**,**,**,750,"8,179",0,0,**,**,**,**,"2,480","714,311",0,0,0,0,0,0,0,0,0,0,"2,490","677,167","2,490","713,658","1,810","8,016","2,240","21,681","1,320","88,135","1,160","81,576",530,"19,237",750,"62,339",
,,,,,,,,,,,,,,,,,,,,,,,,,,,,,,,,,,,,,,,,,,,,,,,,,,,,,,,,,,,,,,,,,,,,,,,,,,,,,,,,,,,,,,,,,,,,,,,,,,,,,,,,,,,,,,,,,,,,,,,,,,,,,,,,,,,,,,,,,,,,,,,,,,,,,,,
08,,"337,100","171,740","114,730","43,340","302,860","18,270","183,890","215,690","598,000","171,390","5,470","3,350","2,150",630,"46,160","96,460","18,691,753","335,810","18,905,057","275,530","13,212,207","88,780","135,367","66,740","373,792","62,320","292,645","24,070","19,105","40,120","587,388","47,710","578,505","90,170","2,330,682",760,"19,560","93,716","56,150","805,657","14,780","705,026","74,040","213,304","8,180","2,138","1,190","24,935","6,740","51,837","5,740","26,984","33,020","38,090","314,330","5,249,596","314,330","5,125,298","64,040","124,300","18,880","548,484","3,006,976","5,880","107,893","15,360","117,302","2,950","2,927","16,720","100,923","1,910","1,699","17,410","133,026","18,730","146,313","14,170","128,777",260,"1,515",720,434,750,"6,752","15,060","107,941","1,530","39,823","30,260","186,699","253,990","13,294,740","252,660","2,081,277",200,"1,171","6,020","9,164","109,090","192,662","13,610","4,844","10,460","6,341","19,330","23,336","23,270","4,147","74,660","144,255",720,"1,446","31,480","94,671","11,480","100,254","12,670","108,622","6,650","4,717","319,330","2,651,300","59,130","137,854","53,140","124,399","41,100","69,259","16,920","16,331","4,620","4,465","218,870","1,887,153","234,850","2,020,244","3,870","5,760","4,770","15,271","47,420","204,561","277,160","831,772","271,010","735,315","8,380","83,431",
08,Under $1,"3,910","2,510","1,130",150,"2,670",680,"2,430",850,"5,490",700,**,**,**,0,110,"2,070","-166,100","2,620","-163,977",640,"20,000","1,060","2,352",890,"4,613",820,"3,159",50,91,"1,160","-9,237","1,120","3,432",650,"7,405",70,30,85,**,**,590,"-30,305",610,"2,123",**,**,**,**,150,872,20,100,150,195,0,0,0,0,0,0,0,0,0,0,0,0,0,0,0,0,0,0,0,0,0,0,0,0,0,0,0,0,0,0,0,0,0,0,0,0,0,0,0,110,96,**,**,100,22,**,**,0,0,0,0,**,**,0,0,**,**,0,0,370,791,420,"4,352",450,"4,392",0,0,"1,660","7,844",290,347,170,228,110,204,150,142,280,290,90,70,540,971,**,**,0,0,330,367,"1,530","7,237","1,420","5,339",140,"1,258",
08,"$1 under $10,000","53,000","44,180","4,430","3,820","46,230","3,640","24,530","27,330","47,810","9,680","1,960","1,190",780,310,"4,800","12,520","262,070","53,000","266,461","39,510","195,455","8,460","3,833","6,070","6,177","5,530","4,009",150,66,"4,580","16,336","3,910","1,307","9,020","42,194",60,"1,070","3,090",140,602,550,-993,"4,820","4,391",50,9,**,**,390,"1,212",90,332,890,925,"52,600","573,334","52,600","554,864","10,110","18,470",410,"8,535","1,884",320,"5,406",130,100,200,91,280,"1,324",30,23,340,"1,272",380,"1,487",180,"1,245",0,0,**,**,**,**,210,246,**,**,50,50,"1,440","2,471","1,130",262,0,0,320,113,190,28,100,3,0,0,**,**,**,**,30,11,0,0,"3,800","2,890","1,240","11,344","1,290","11,265",**,**,"44,380","36,445","15,070","15,775","13,610","14,432","4,340","2,787","1,310","1,169",680,566,"1,080",241,"5,360","3,275",0,0,0,0,"2,770","1,296","42,750","34,452","42,520","34,057",290,395,
08,"$10,000 under $25,000","71,220","45,280","10,410","14,240","64,700","3,340","35,110","51,520","111,650","34,860","1,850","1,170",690,220,"15,050","18,340","1,226,649","71,220","1,243,178","55,700","910,565","11,220","9,395","7,840","14,620","7,150","9,743",520,236,"8,710","79,230","4,910","7,453","16,020","182,584",100,"4,920","19,858","7,130","13,134","1,140","3,529","12,280","16,529",300,68,30,81,890,"2,987",540,"1,759","4,160","4,162","70,180","1,067,408","70,180","1,040,620","14,240","26,788","1,040","24,546","18,765",790,"14,406",480,641,430,256,730,"3,557",80,49,890,"3,668","1,000","4,407",510,"3,644",**,**,**,**,**,**,620,"1,309",50,521,"2,760","2,024","44,490","251,458","44,120","25,476",**,**,"1,280",552,"16,330","5,515",450,18,930,341,"2,900","1,396","5,990",932,"7,350","2,780",50,25,"7,540","12,928","3,830","32,956","3,950","32,971","2,130","1,084","67,080","199,995","25,460","81,749","22,850","74,035","16,820","28,511","3,250","2,866","1,870","1,467","32,860","19,961","39,580","34,447",0,0,0,0,"4,700","4,977","64,120","170,365","63,660","169,151",670,"1,128",
08,"$25,000 under $50,000","84,010","46,890","18,470","15,950","76,700","3,780","42,900","62,300","144,530","42,620","1,180",760,420,100,"15,710","20,200","3,037,151","84,010","3,071,479","72,510","2,446,557","16,060","13,689","11,300","25,966","10,450","18,347","2,270",781,"7,540","77,143","7,700","19,060","18,850","334,140",130,"5,590","28,563","15,560","107,964","1,970","11,413","18,030","34,328","1,020",248,60,460,"1,210","5,427","1,570","6,048","10,480","12,208","81,400","1,306,671","81,400","1,280,792","13,330","25,879","2,610","60,487","100,283","1,510","26,250","1,780","3,734",670,545,"2,070","10,074",310,321,"2,320","12,235","2,560","14,175","1,560","11,415",40,246,80,59,50,45,"1,720","6,042",140,"1,523","6,300","10,106","83,230","1,657,527","82,600","180,652",0,0,"2,660","2,188","34,890","39,386","1,810",85,"3,150","2,106","5,670","6,367","13,790","2,634","22,500","27,739",250,258,"5,670","14,026","4,620","38,297","4,800","40,232","2,990","1,801","82,310","347,338","17,940","39,834","16,220","35,590","15,950","31,290","4,000","3,705","1,470","1,568","64,310","141,267","67,750","158,425",**,**,0,0,"8,670","12,586","74,940","201,036","74,190","198,839","1,110","2,197",
08,"$50,000 under $75,000","46,990","19,670","20,430","5,390","42,140","2,510","27,360","31,060","92,230","24,930",360,200,170,**,"5,630","15,440","2,890,843","46,990","2,920,063","39,750","2,153,701","14,460","15,634","10,380","31,524","9,690","22,704","3,950","1,551","5,220","61,202","7,170","25,981","15,180","396,492",110,"3,290","17,335","12,380","192,113","1,900","15,825","12,410","29,220","1,450",357,100,869,890,"5,745","1,210","5,327","6,830","8,015","43,740","809,117","43,740","789,951","9,950","19,166","3,250","72,809","203,870","1,210","20,067","2,560","7,887",600,569,"2,860","14,151",410,464,"2,990","19,645","3,230","21,505","2,440","17,578",50,301,100,62,50,188,"2,480","9,544",220,"2,787","5,200","12,779","46,910","1,991,753","46,830","243,520",**,**,"1,040","2,608","18,410","38,496","2,190",171,"1,530",890,"3,430","4,756","3,490",581,"14,000","31,356",150,282,"3,870","11,246","1,130","11,195","1,470","13,749",910,797,"46,430","310,482",370,149,290,114,"3,300","5,504","2,460","2,454",280,505,"43,320","205,024","44,230","218,631",**,**,0,0,"8,400","17,301","38,500","108,437","37,650","105,043","1,200","3,394",
08,"$75,000 under $100,000","30,040","7,120","20,230","2,080","27,000","1,570","18,590","19,120","69,560","19,310",90,30,60,0,"2,660","10,990","2,600,140","30,040","2,623,487","25,500","1,878,936","11,700","15,401","9,040","33,230","8,460","24,655","4,290","2,030","4,150","53,297","6,280","31,621","11,520","384,422",80,"2,130","11,060","8,770","180,969","1,730","21,097","8,580","23,347","1,470",379,100,939,690,"5,228",850,"4,338","4,160","5,084","27,120","581,973","27,120","568,033","6,900","13,941","2,920","69,653","253,242",860,"15,206","2,440","9,767",440,508,"2,700","13,827",360,308,"2,720","20,745","2,920","22,474","2,360","17,494",40,274,80,61,60,122,"2,370","10,396",220,"2,677","4,390","13,492","30,010","1,932,258","29,980","246,941",**,**,360,"1,680","12,970","33,832","2,100",176,"1,430",875,"2,780","4,147",0,0,"10,750","27,969",110,218,"3,060","9,523",240,"2,110",430,"3,715",320,394,"29,800","288,824",0,0,0,0,510,807,"2,070","2,126",40,69,"29,430","213,108","29,580","224,688",**,**,0,0,"6,210","16,450","23,800","80,056","23,030","77,116","1,060","2,939",
08,"$100,000 under $200,000","39,080","5,050","32,130","1,470","35,290","2,250","25,900","21,060","102,610","31,450",30,0,30,0,"2,080","13,410","5,195,209","39,080","5,244,375","34,280","3,778,325","19,210","30,427","15,430","84,075","14,630","64,666","10,190","5,886","6,490","131,208","11,390","100,177","15,450","718,956",150,"2,290","12,277","10,000","248,590","3,750","84,403","13,990","49,166","3,450",962,370,"5,483","1,330","12,957","1,200","6,595","6,350","7,501","33,570","776,612","33,570","759,896","7,940","16,716","5,510","155,566","760,817","1,010","21,249","4,970","31,091",490,725,"5,180","30,603",560,463,"5,130","45,754","5,500","49,758","4,670","43,983",90,441,270,204,180,665,"4,740","27,189",540,"10,648","7,700","39,540","39,060","4,218,078","39,040","632,453",50,140,220,"1,684","20,650","56,817","4,260",781,"2,940","1,829","4,550","6,670",0,0,"16,960","45,715",130,501,"4,920","21,653",**,**,240,"1,975",260,502,"38,870","666,709",0,0,0,0,70,156,"3,680","3,869",0,0,"38,940","575,636","38,970","602,733",260,84,80,26,"12,170","48,300","26,850","111,488","25,260","100,938","2,160","10,550",
08,"$200,000 under $500,000","7,470",860,"6,350",200,"6,830",430,"5,830","2,240","20,470","6,680",**,0,**,0,120,"2,870","2,085,334","7,470","2,120,739","6,470","1,281,732","5,330","19,037","4,640","72,388","4,470","58,231","2,130","2,776","1,820","114,401","4,090","115,846","3,010","224,049",60,240,"1,448","1,830","51,580","2,280","183,802","2,590","35,405",410,107,380,"10,615",850,"11,948",200,"1,904",0,0,"5,110","120,322","5,110","117,389","1,380","2,934","2,360","87,530","693,924",180,"5,309","2,250","29,030",100,189,"2,200","17,975",130,66,"2,260","22,129","2,360","24,171","1,930","25,076",40,253,150,42,220,"1,290","2,170","21,719",250,"9,441","3,050","45,815","7,470","1,830,732","7,470","359,678",80,423,40,317,"4,770","12,996","1,990","1,213",440,275,0,0,0,0,"3,070","8,685",30,162,"1,720","15,165",0,0,40,323,40,139,"7,420","375,585",0,0,0,0,0,0,0,0,0,0,"7,460","346,682","7,460","369,837","2,700","1,987","3,460","3,832","3,510","42,048","3,950","47,139","2,960","27,953","1,270","19,186",
08,"$500,000 or more","1,380",180,"1,150",40,"1,300",70,"1,240",210,"3,650","1,160",0,0,0,0,**,620,"1,560,457","1,380","1,579,252","1,170","546,936","1,280","25,599","1,150","101,199","1,120","87,131",520,"5,688",450,"63,808","1,140","273,628",470,"40,440",**,**,**,340,"10,705",870,"416,255",730,"18,795",30,8,150,"6,488",340,"5,461",60,581,0,0,610,"14,159",610,"13,753",190,406,780,"69,358","974,191",**,**,750,"35,052",20,44,700,"9,412",30,5,760,"7,578",780,"8,336",520,"8,342",**,**,40,6,190,"4,442",750,"31,496",110,"12,226",810,"62,893","1,380","1,410,463","1,380","392,199",70,608,**,**,880,"5,592",710,"2,397",40,25,0,0,0,0,**,**,**,**,530,"6,449",0,0,**,**,0,0,"1,380","418,078",0,0,0,0,0,0,0,0,0,0,"1,380","385,164","1,380","407,237",910,"3,689","1,230","11,413",660,"61,236",720,"71,562",320,"16,879",480,"42,384",
,,,,,,,,,,,,,,,,,,,,,,,,,,,,,,,,,,,,,,,,,,,,,,,,,,,,,,,,,,,,,,,,,,,,,,,,,,,,,,,,,,,,,,,,,,,,,,,,,,,,,,,,,,,,,,,,,,,,,,,,,,,,,,,,,,,,,,,,,,,,,,,,,,,,,,,
09,,"337,970","162,600","134,110","34,320","303,660","18,550","184,160","211,160","617,260","171,020","5,770","2,280","3,500",460,"39,320","101,160","20,061,161","336,870","20,267,964","274,430","14,396,095","106,360","143,118","71,810","331,313","66,830","243,962","22,270","11,760","38,270","541,528","53,350","597,335","97,620","2,369,154","4,040","19,910","89,128","58,930","838,620","15,100","796,237","72,520","206,803","7,550","1,929","1,100","19,485","7,240","53,431","5,810","27,475","32,040","35,653","315,350","5,437,688","315,350","5,302,787","68,470","134,902","18,880","568,963","3,114,837","5,710","122,471","15,560","111,851","2,820","2,703","16,820","101,477","1,880","1,362","17,760","135,783","18,670","144,448","13,640","121,173",360,"1,886",790,369,580,"4,802","14,750","140,829",990,"26,049","33,090","221,827","261,330","14,387,461","259,640","2,203,617",130,946,"5,370","9,773","112,110","218,424","15,330","4,114","10,820","6,257","17,290","20,884","23,060","4,204","78,890","172,338",790,"2,280","29,920","91,402","10,610","121,767","11,650","130,725","6,660","4,732","319,040","2,727,367","45,620","99,642","40,520","90,197","33,430","58,253","14,030","13,291","4,140","4,329","229,930","1,984,954","243,220","2,113,156","3,790","5,154","4,850","13,125","48,030","187,620","276,010","800,002","269,500","710,443","9,230","86,567",
09,Under $1,"3,760","2,270","1,270",120,"2,600",700,"2,470",710,"5,710",930,**,**,**,0,60,"2,030","-145,321","2,660","-143,309",660,"19,212","1,140","2,103",870,"2,695",800,"1,866",60,99,"1,100","-14,183","1,140","7,142",700,"7,148",410,20,80,**,**,570,"-35,430",620,"2,012",**,**,**,**,170,803,**,**,110,137,0,0,0,0,0,0,0,0,0,0,0,0,0,0,0,0,0,0,0,0,0,0,0,0,0,0,0,0,0,0,0,0,0,0,0,**,**,0,0,90,42,**,**,90,18,**,**,0,0,0,0,0,0,0,0,0,0,0,0,370,609,380,"5,284",400,"5,210",0,0,"1,590","7,301",240,252,130,152,90,175,100,92,230,296,90,29,520,755,**,**,0,0,290,301,"1,470","6,869","1,370","5,431",140,762,
09,"$1 under $10,000","50,300","42,240","4,840","2,660","43,280","3,900","22,930","24,030","42,490","7,320","2,090",740,"1,350",230,"3,500","13,530","242,598","50,300","246,359","36,220","174,252","10,350","4,635","6,410","6,826","5,810","4,033",100,36,"3,910","12,371","4,290","2,192","10,430","47,959",270,810,"2,447",120,493,480,"-1,038","4,150","3,761",30,8,**,**,390,"1,227",80,280,720,670,"49,940","535,874","49,940","514,838","11,380","21,036",360,"9,363","1,843",280,"6,555",150,214,130,56,190,"1,012",20,2,290,"1,008",310,"1,144",120,881,0,0,**,**,**,**,150,218,**,**,70,47,"1,490","2,415","1,130",285,0,0,340,127,160,20,100,2,0,0,**,**,**,**,20,7,0,0,"3,200","2,281","1,120","13,515","1,170","13,734",20,11,"40,840","30,536","11,470","11,562","10,380","10,690","3,180","2,019",950,813,550,433,"1,070",266,"4,710","2,640",0,0,0,0,"2,540","1,143","39,470","29,021","39,270","28,271",280,388,
09,"$10,000 under $25,000","60,510","39,780","10,310","9,190","54,390","3,270","30,080","41,170","89,820","23,700","1,890",790,"1,100",160,"10,360","19,140","1,038,052","60,510","1,050,897","44,780","722,030","13,400","10,514","8,570","15,288","7,840","9,524",410,122,"6,210","55,542","5,600","9,568","17,250","197,942",460,"4,040","16,000","7,680","13,767","1,050","3,992","9,150","12,845",240,56,**,**,830,"2,716",390,"1,342","3,240","3,165","59,600","915,465","59,600","885,594","15,490","29,871",920,"22,773","16,341",740,"14,762",400,443,400,218,630,"2,816",70,35,800,"3,164",860,"3,398",390,"2,696",**,**,**,**,**,**,540,"1,453",30,232,"2,510","1,910","37,480","212,467","36,990","21,498",0,0,"1,120",536,"12,770","4,281",480,23,600,225,"2,110","1,032","5,150",812,"5,500","2,162",30,13,"5,350","9,283","3,300","36,411","3,380","36,604","2,010","1,040","56,110","150,145","17,900","54,359","15,850","49,875","11,340","19,109","2,000","1,681","1,470","1,304","28,590","17,217","33,160","27,903",**,**,0,0,"4,300","4,404","53,470","126,510","53,030","125,433",690,"1,049",
09,"$25,000 under $50,000","81,850","45,990","19,570","13,500","74,610","3,740","42,040","59,540","139,570","38,820","1,180",550,630,70,"13,900","21,020","2,999,938","81,850","3,032,291","69,600","2,366,955","18,680","16,304","11,840","25,810","10,960","17,214","1,800",466,"7,070","77,783","8,260","24,212","20,060","348,184",790,"5,760","26,740","16,740","116,620","1,970","15,391","16,550","32,353","1,020",240,100,599,"1,350","5,617","1,400","5,438","9,270","10,325","79,590","1,288,527","79,590","1,259,985","14,320","28,541","2,270","55,243","88,121","1,280","26,631","1,540","3,003",610,440,"1,750","8,372",270,310,"2,050","10,429","2,220","11,438","1,290","9,011",50,328,70,39,40,42,"1,530","6,258",90,726,"6,490","10,833","80,980","1,647,829","80,270","179,169",**,**,"2,240","1,855","31,850","36,329","2,050",96,"2,360","1,452","4,040","4,370","13,650","2,662","20,560","27,320",200,246,"5,460","14,446","4,310","47,032","4,460","48,308","2,970","1,750","80,190","336,219","15,540","33,265","13,800","29,329","14,020","27,861","2,600","2,313","1,480","1,600","64,390","142,840","67,580","160,494",**,**,0,0,"8,240","11,231","73,110","186,563","72,210","183,843","1,350","2,720",
09,"$50,000 under $75,000","51,900","20,470","24,370","5,630","47,110","2,500","30,220","34,990","105,330","29,150",420,160,270,**,"5,980","16,060","3,196,429","51,900","3,227,559","44,420","2,427,900","17,120","16,406","11,200","32,084","10,420","21,992","3,520",853,"5,960","69,716","8,050","34,816","15,920","387,442",650,"3,720","17,206","12,800","199,888","1,990","23,021","12,940","31,130","1,260",298,120,"1,000","1,010","6,016","1,320","6,215","6,650","7,540","48,480","916,136","48,480","896,031","10,240","20,105","3,420","78,694","214,745","1,280","26,395","2,780","7,768",560,514,"3,050","14,544",410,432,"3,210","20,690","3,400","21,835","2,500","17,365",70,394,110,62,30,19,"2,370","10,423",150,"1,516","6,010","15,298","51,790","2,184,944","51,660","264,737",**,**,980,"2,898","20,930","44,290","2,600",185,"1,610",889,"3,060","4,047","4,260",730,"15,750","37,556",180,366,"4,450","13,270","1,230","16,104","1,520","18,873",980,816,"51,290","342,068",470,204,360,151,"3,980","7,627","2,070","2,036",350,590,"47,340","220,447","48,480","236,182",**,**,0,0,"8,230","16,426","43,480","121,568","42,470","118,201","1,470","3,367",
09,"$75,000 under $100,000","34,750","6,690","25,700","1,890","31,650","1,570","21,130","22,830","84,020","23,610",140,40,100,0,"2,940","11,810","3,014,692","34,750","3,041,334","30,130","2,239,772","14,550","15,725","9,820","31,567","9,130","22,443","3,890",978,"4,750","63,219","7,170","40,054","12,690","395,353",460,"2,650","12,256","9,380","197,280","1,890","24,021","9,850","26,642","1,300",332,110,"1,068",830,"6,299",990,"4,745","4,750","5,494","31,910","704,368","31,910","689,317","7,390","15,051","2,840","68,795","246,256",790,"16,220","2,410","9,002",390,397,"2,630","13,678",300,155,"2,700","20,237","2,820","21,074","2,190","16,467",70,318,130,70,40,72,"2,150","11,981",120,"1,728","5,170","16,240","34,710","2,223,255","34,660","277,354",**,**,350,"1,863","15,430","41,940","2,420",182,"1,880","1,068","2,940","4,131",0,0,"12,930","35,720",100,278,"3,610","11,470",230,"2,852",440,"4,770",380,461,"34,470","327,687",0,0,0,0,720,"1,243","2,120","2,093",60,106,"33,830","235,414","34,090","249,477",**,**,0,0,"6,380","15,610","28,270","93,480","27,410","90,510","1,230","2,970",
09,"$100,000 under $200,000","45,670","4,260","39,940","1,160","41,620","2,310","28,380","25,250","124,510","38,940",50,0,50,0,"2,450","14,330","6,039,951","45,670","6,094,969","40,500","4,524,220","23,910","32,424","17,160","82,880","16,170","61,160","9,920","3,062","7,190","145,139","13,310","130,360","17,050","747,273",730,"2,670","13,002","10,290","256,497","4,170","100,922","16,020","55,018","3,320",900,360,"5,150","1,530","15,537","1,410","7,315","7,300","8,322","39,910","937,296","39,910","919,899","8,270","17,398","5,760","169,579","801,143","1,170","26,446","5,160","29,891",560,784,"5,470","32,387",600,354,"5,500","48,825","5,760","51,648","4,650","42,395",120,553,290,150,150,397,"4,940","41,001",360,"6,134","8,890","47,548","45,650","4,881,789","45,610","717,917",30,73,230,"2,248","24,990","72,027","4,910",636,"3,780","2,287","5,140","7,304",0,0,"20,670","59,473",210,887,"5,510","24,249",40,569,260,"2,981",240,449,"45,390","756,285",0,0,0,0,100,219,"4,190","4,263",**,**,"45,400","645,890","45,450","676,112",200,50,60,18,"13,640","50,656","31,940","129,933","30,210","119,605","2,430","10,328",
09,"$200,000 under $500,000","8,000",760,"7,050",150,"7,260",500,"5,800","2,480","22,540","7,520",**,0,**,0,130,"2,710","2,218,198","8,000","2,250,425","7,060","1,435,980","6,060","20,942","4,930","66,993","4,720","53,301","2,110","2,039","1,730","96,341","4,530","132,494","3,090","207,061",210,240,"1,397","1,640","45,584","2,230","189,812","2,630","32,227",360,90,330,"8,613",830,"10,881",180,"1,764",0,0,"5,420","128,109","5,420","125,530","1,230","2,579","2,590","98,931","759,012",170,"5,462","2,430","29,528",140,253,"2,440","19,625",190,69,"2,500","24,339","2,580","25,979","2,030","24,923",50,293,140,39,160,947,"2,370","33,766",160,"6,804","3,190","48,365","8,000","1,941,537","8,000","377,140",50,163,20,228,"5,190","14,121","2,110",973,550,309,0,0,0,0,"3,460","10,100",70,490,"1,590","12,070",0,0,20,245,60,205,"7,940","386,251",0,0,0,0,0,0,0,0,0,0,"7,990","363,019","8,000","383,083","2,870","2,105","3,680","3,598","3,830","39,928","4,160","42,410","3,250","27,610","1,200","14,800",
09,"$500,000 or more","1,230",140,"1,060",20,"1,140",60,"1,110",160,"3,270","1,030",0,0,0,0,**,530,"1,456,624","1,230","1,467,439","1,060","485,774","1,150","24,065","1,010","67,170",980,"52,429",460,"4,105",350,"35,600","1,000","216,497",430,"30,792",60,**,**,280,"8,491",750,"475,546",610,"10,815",20,5,80,"3,055",300,"4,335",40,376,0,0,500,"11,913",500,"11,593",150,321,720,"65,585","987,376",**,**,690,"32,002",30,41,660,"9,043",20,5,710,"7,091",720,"7,932",470,"7,435",**,**,50,9,160,"3,325",700,"35,729",80,"8,909",760,"81,586","1,230","1,293,225","1,230","365,475",50,710,**,**,790,"5,416",660,"2,017",40,27,0,0,0,0,**,**,**,**,380,"3,724",0,0,**,**,**,**,"1,220","390,875",0,0,0,0,0,0,0,0,0,0,"1,230","359,832","1,230","376,510",720,"2,999","1,110","9,509",580,"47,921",640,"63,648",280,"11,539",440,"50,183",
,,,,,,,,,,,,,,,,,,,,,,,,,,,,,,,,,,,,,,,,,,,,,,,,,,,,,,,,,,,,,,,,,,,,,,,,,,,,,,,,,,,,,,,,,,,,,,,,,,,,,,,,,,,,,,,,,,,,,,,,,,,,,,,,,,,,,,,,,,,,,,,,,,,,,,,
10,,"376,430","186,160","136,020","45,850","337,440","19,940","163,240","239,790","680,830","196,530","13,610","6,960","6,650","1,930","47,780","104,020","25,023,996","375,100","25,291,889","309,910","17,734,927","118,990","196,605","79,420","483,552","73,860","354,968","26,380","18,979","44,580","655,259","62,860","1,043,994","105,450","3,063,260","1,320","14,830","67,076","62,160","966,844","15,480","1,006,436","83,560","267,893","7,160","1,796","1,870","40,247","7,690","62,825","5,750","25,837","38,280","43,825","342,870","5,775,518","342,870","5,642,448","68,190","133,071","30,040","934,458","5,630,883","7,890","176,589","25,170","221,024","4,000","3,992","26,750","160,682","3,440","2,360","28,340","220,248","29,760","233,271","22,660","215,031",460,"2,832","1,410",892,"1,120","10,370","24,300","261,982","1,390","28,581","38,260","256,965","297,300","18,641,003","295,490","3,060,697",250,"2,365","5,010","9,580","132,980","258,646","23,360","10,948","15,990","9,407","20,300","23,695","24,970","4,367","89,550","191,604","1,010","3,182","34,250","112,617","9,820","108,500","10,890","117,967","7,600","5,521","359,180","3,573,523","56,060","131,151","50,650","120,182","42,380","73,873","16,070","14,915","3,560","3,345","259,900","2,802,037","274,420","2,973,375","7,330","12,055","8,490","26,519","63,490","285,687","300,500","880,693","293,530","776,792","9,250","103,417",
10,Under $1,"3,510","2,360",930,130,"2,240",760,"1,940",790,"4,940",790,80,50,40,0,80,"1,720","-194,086","2,180","-191,691",690,"28,619",930,"3,190",720,"3,307",660,"2,295",50,58,"1,070","-19,445",920,"10,563",560,"7,102",140,**,**,0,0,450,"-59,272",550,"2,395",**,**,**,**,160,"1,079",**,**,140,173,0,0,0,0,0,0,0,0,0,0,0,0,0,0,0,0,0,0,0,0,0,0,0,0,0,0,0,0,0,0,0,0,0,0,0,**,**,0,0,70,45,**,**,60,19,**,**,0,0,0,0,**,**,0,0,**,**,0,0,330,838,320,"4,653",340,"4,634",0,0,"1,550","7,823",230,248,140,182,90,195,130,117,200,280,60,23,450,"1,081",**,**,0,0,250,304,"1,430","7,075","1,350","5,884",110,759,
10,"$1 under $10,000","52,470","44,700","3,280","3,890","44,990","3,910","18,240","27,820","43,130","8,840","3,730","1,860","1,870",800,"4,330","11,110","257,652","52,470","261,346","40,280","203,699","8,930","3,510","5,520","5,517","5,030","3,358",150,52,"3,950","11,513","3,920","2,635","8,560","40,254",70,710,"2,077",140,616,370,"-1,963","4,180","3,694",50,11,**,**,310,961,100,308,820,769,"51,970","533,405","51,970","517,244","8,990","16,161",490,"10,826","2,483",380,"7,652",190,211,190,84,260,"1,047",40,27,390,"1,200",440,"1,340",180,"1,251",0,0,**,**,20,23,210,354,**,**,60,21,"1,610","3,224","1,080",279,0,0,230,87,230,30,150,5,0,0,**,**,**,**,30,15,0,0,"3,190","2,283",980,"11,731","1,020","11,829",**,**,"43,740","34,156","13,480","14,509","12,320","13,550","4,140","2,701","1,150",978,470,364,"1,010",257,"4,740","2,732",0,0,0,0,"2,480","1,127","42,310","32,616","42,180","32,326",180,237,
10,"$10,000 under $25,000","66,140","43,000","8,180","13,690","59,710","3,280","25,380","48,480","100,310","31,180","4,110","2,130","1,970",720,"13,110","17,080","1,142,240","66,140","1,155,394","51,570","853,710","11,470","7,940","6,900","13,127","6,270","8,077",420,136,"7,330","62,441","4,920","9,594","15,910","185,308",120,"3,300","13,529","7,070","12,965",730,553,"10,100","13,154",210,47,50,215,620,"1,772",430,"1,293","3,420","3,346","64,870","971,778","64,870","946,763","13,400","25,015","1,270","34,311","22,957","1,040","23,478",580,750,490,273,800,"3,447",120,75,"1,100","4,000","1,180","4,351",530,"3,489",**,**,30,3,**,**,770,"2,328",40,442,"2,660","1,994","42,540","240,892","41,980","24,229",0,0,900,368,"15,730","5,245",660,23,"1,050",369,"2,660","1,350","5,900",916,"6,940","2,555",40,20,"6,090","10,400","2,960","31,851","3,040","32,016","2,340","1,208","62,350","181,933","22,620","73,878","20,400","68,166","15,630","27,029","2,540","2,123","1,270",969,"31,210","18,984","36,620","31,087",**,**,0,0,"4,620","4,729","59,300","155,463","58,980","154,584",440,879,
10,"$25,000 under $50,000","91,640","53,710","16,780","17,830","83,310","4,070","35,490","68,440","153,570","45,990","3,630","2,150","1,480",410,"17,160","20,630","3,344,361","91,640","3,378,738","78,880","2,721,998","18,370","13,730","10,980","25,346","10,050","16,343","1,990",568,"8,040","76,484","8,240","24,048","20,850","377,386",210,"4,230","19,887","15,660","113,949","1,480","5,888","19,140","34,377",990,227,100,651,"1,180","5,018","1,300","4,690","11,570","13,124","88,490","1,381,813","88,490","1,355,361","13,720","26,453","3,150","76,651","121,348","1,820","37,293","2,140","4,433",810,668,"2,270","10,205",460,434,"2,820","13,274","3,080","14,865","1,770","12,372",60,383,100,81,40,144,"2,160","9,750",110,"1,020","6,450","10,382","90,760","1,877,280","90,180","205,177",**,**,"2,200","1,802","37,750","43,803","2,490",135,"3,710","2,396","5,500","5,958","15,090","2,776","24,450","31,955",240,252,"5,720","14,822","4,120","41,961","4,270","43,508","3,370","2,050","90,030","375,106","19,280","42,336","17,450","38,152","17,790","35,483","3,480","3,029","1,270","1,236","70,560","161,374","74,070","179,730",30,32,0,0,"10,260","14,027","80,970","208,892","80,310","206,699",970,"2,193",
10,"$50,000 under $75,000","55,200","25,550","21,520","6,300","49,810","2,600","25,230","37,240","104,330","27,750","1,170",410,760,**,"6,670","16,760","3,394,484","55,200","3,428,006","46,290","2,556,688","18,650","15,606","11,620","34,815","10,740","23,387","3,660",925,"6,350","70,125","8,790","33,984","17,630","474,266",210,"2,460","11,491","13,020","205,882","1,680","13,634","15,080","33,522","1,310",311,120,"1,035",940,"5,592","1,270","5,616","8,580","10,138","50,430","907,773","50,430","886,784","10,830","20,990","4,770","105,053","299,782","1,590","31,923","3,810","11,199",800,669,"4,200","18,512",660,415,"4,470","27,635","4,740","29,240","3,620","25,456",80,393,160,128,50,142,"3,410","15,284",170,"1,698","6,100","13,974","55,040","2,366,067","54,940","291,815",0,0,950,"2,652","21,550","44,581","3,290",292,"2,040","1,157","3,580","4,610","3,980",675,"15,590","36,865",200,403,"4,640","13,261","1,120","14,488","1,410","17,218","1,130",967,"54,610","358,713",450,180,340,132,"3,920","7,060","2,280","2,207",290,432,"50,790","247,234","51,980","263,262",**,**,0,0,"10,530","19,949","44,540","114,744","43,690","112,267","1,160","2,477",
10,"$75,000 under $100,000","36,960","9,230","24,810","2,240","33,240","1,770","18,040","23,780","84,350","22,660",450,120,330,0,"3,230","12,880","3,207,784","36,960","3,234,703","31,070","2,327,758","16,370","16,935","10,960","41,690","10,160","29,308","4,180","1,190","5,170","62,508","8,370","45,320","14,200","493,614",160,"1,810","8,507","9,990","209,612","1,590","16,594","10,290","26,919","1,130",286,130,"1,204",740,"4,948",930,"4,412","5,150","6,185","32,550","700,615","32,550","684,035","8,120","16,580","4,410","106,962","382,841","1,180","26,977","3,710","14,480",590,601,"4,060","18,534",550,385,"4,180","30,519","4,390","32,042","3,480","25,710",80,417,160,122,60,125,"3,420","19,078",190,"1,928","5,380","14,785","36,890","2,384,116","36,830","305,016",**,**,370,"1,725","16,260","41,976","3,370",300,"2,230","1,314","2,930","4,004",0,0,"12,650","35,124",170,516,"3,770","11,615",280,"3,381",470,"5,262",390,457,"36,700","344,993",0,0,0,0,680,"1,103","2,000","1,938",60,64,"36,060","263,041","36,290","276,978",**,**,0,0,"8,180","19,646","28,710","87,022","27,870","84,536","1,100","2,486",
10,"$100,000 under $200,000","55,100","6,230","46,850","1,490","49,870","2,780","28,130","28,860","146,560","44,660",420,220,200,0,"2,990","18,340","7,410,629","55,100","7,476,797","47,610","5,419,125","31,740","40,149","22,280","121,771","20,920","89,258","11,560","4,134","9,050","167,750","18,000","174,285","21,790","1,057,671",260,"2,070","10,183","13,130","331,807","4,410","101,328","18,840","66,168","3,030",808,550,"8,138","1,770","16,134","1,490","7,444","8,600","10,090","45,750","1,070,871","45,750","1,047,758","10,890","23,112","9,350","272,400","1,317,580","1,570","37,776","8,480","53,308",780,"1,052","8,870","50,086","1,110",710,"8,920","80,097","9,330","84,510","7,740","72,747",150,945,480,366,250,922,"8,170","68,655",440,"5,664","11,210","50,352","55,050","6,013,037","55,000","897,080",50,83,260,"2,448","30,780","84,424","7,820","1,204","5,580","3,369","5,630","7,773",0,0,"24,110","68,557",250,"1,118","6,950","28,559",40,435,290,"2,990",310,599,"54,860","915,656",0,0,0,0,130,302,"4,490","4,523",**,**,"54,810","812,656","54,870","847,277",310,79,130,51,"19,450","67,701","35,580","134,952","33,650","123,249","2,620","11,703",
10,"$200,000 under $500,000","12,970","1,160","11,510",230,"11,940",680,"8,620","4,000","36,610","12,160",20,20,**,0,210,"4,570","3,653,123","12,970","3,708,674","11,370","2,416,819","10,220","30,494","8,380","114,942","8,040","88,675","3,400","3,168","2,990","158,605","7,670","224,922","5,180","366,027",110,250,"1,402","2,720","78,431","3,260","256,881","4,140","55,551",420,101,660,"18,517","1,290","16,706",190,"1,725",0,0,"7,960","189,121","7,960","184,831","2,020","4,290","5,010","189,135","1,483,612",310,"11,490","4,740","61,516",270,527,"4,800","38,055",440,269,"4,880","47,824","5,010","50,403","4,160","53,913",70,523,350,170,360,"2,120","4,630","62,343",300,"9,283","5,010","62,230","12,970","3,211,075","12,970","626,494",100,478,40,479,"8,990","24,773","4,150","2,698","1,230",704,0,0,0,0,"5,760","16,513",90,579,"2,750","21,476",0,0,50,510,60,240,"12,910","640,518",0,0,0,0,**,**,0,0,0,0,"12,960","601,720","12,960","636,336","5,250","3,960","6,170","6,240","6,500","63,005","6,450","66,364","4,980","41,105","1,880","25,260",
10,"$500,000 or more","2,440",220,"2,160",50,"2,330",90,"2,170",380,"7,030","2,500",0,0,0,0,**,930,"2,807,809","2,440","2,839,922","2,150","1,206,511","2,310","65,051","2,060","123,037","1,990","94,267",970,"8,748",630,"65,278","2,030","518,643",770,"61,632",40,**,**,430,"13,582","1,510","672,793","1,240","32,113",20,5,260,"10,487",680,"10,615",40,349,0,0,850,"20,142",850,"19,672",220,470,"1,590","139,120","2,000,280",**,**,"1,520","75,127",70,118,"1,490","20,796",60,45,"1,580","15,699","1,590","16,520","1,180","20,093",20,171,130,22,340,"6,894","1,530","84,190",140,"8,546","1,390","103,227","2,440","2,545,312","2,440","710,562",100,"1,804",0,0,"1,690","13,814","1,430","6,291",150,98,0,0,0,0,20,20,20,294,810,"9,363",0,0,0,0,**,**,"2,430","714,625",0,0,0,0,0,0,0,0,0,0,"2,440","696,748","2,440","734,892","1,740","7,984","2,190","20,228","1,220","95,199","1,210","73,565",520,"16,142",790,"57,423",
,,,,,,,,,,,,,,,,,,,,,,,,,,,,,,,,,,,,,,,,,,,,,,,,,,,,,,,,,,,,,,,,,,,,,,,,,,,,,,,,,,,,,,,,,,,,,,,,,,,,,,,,,,,,,,,,,,,,,,,,,,,,,,,,,,,,,,,,,,,,,,,,,,,,,,,
11,,"366,670","174,380","152,760","32,430","331,570","18,800","188,240","216,650","690,370","201,520","15,420","10,820","4,590","2,270","36,790","104,570","24,747,505","365,620","25,043,248","297,920","16,287,396","120,270","230,534","79,150","494,150","73,430","360,031","28,940","25,418","54,050","920,434","66,150","1,705,969","97,380","2,525,034","6,900","15,550","63,888","61,550","957,546","20,310","1,681,517","87,630","295,743","7,180","1,804","1,840","35,075","9,830","76,108","6,710","32,720","35,260","39,204","330,910","5,718,531","330,910","5,583,188","67,560","135,341","31,960","1,160,092","6,503,107","9,960","243,314","26,620","224,780","4,590","4,267","27,160","168,073","2,390","1,787","30,570","230,862","31,620","241,362","21,890","204,380",640,"3,473","1,520",998,"1,230","13,802","26,240","388,276","1,020","14,352","49,430","410,913","289,320","18,065,376","287,080","2,913,180",240,"2,720","5,310","11,079","130,110","274,138","22,130","7,055","12,540","7,143","19,100","22,382","25,410","4,626","87,290","209,083",980,"2,853","40,280","139,795","10,410","126,231","11,560","136,963","7,470","5,707","344,320","3,430,784","44,040","97,784","38,750","87,956","35,570","65,327","14,850","14,028","3,930","4,484","252,750","2,639,029","268,250","2,855,032","5,150","7,725","7,240","48,293","63,450","312,750","287,260","883,734","277,770","726,407","13,510","157,326",
11,Under $1,"3,780","2,030","1,530",100,"2,670",630,"2,490",650,"7,260","2,180",100,70,20,0,50,"1,780","-201,380","2,730","-197,903",750,"25,179","1,100","4,245",720,"3,746",650,"2,695",60,160,"1,270","-15,257","1,140","12,496",580,"6,424",660,30,105,**,**,540,"-53,586",740,"3,477",**,**,**,**,180,"1,006",**,**,150,159,0,0,0,0,0,0,0,0,0,0,0,0,0,0,0,0,0,0,0,0,0,0,0,0,0,0,0,0,0,0,0,0,0,0,0,0,0,0,0,80,39,**,**,70,18,**,**,0,0,0,0,0,0,0,0,**,**,0,0,360,762,290,"4,523",310,"4,699",0,0,"1,650","7,872",240,348,150,258,130,253,110,96,180,259,70,23,470,892,30,27,0,0,280,436,"1,520","7,351","1,450","6,098",120,"1,253",
11,"$1 under $10,000","51,010","43,760","4,400","2,290","44,090","3,780","20,470","23,800","39,730","6,810","4,600","3,180","1,420",920,"2,770","12,230","249,554","51,010","253,717","37,320","185,397","10,090","5,460","6,190","6,491","5,570","3,637",150,93,"5,070","17,283","4,750","3,410","8,930","40,227",400,530,"1,639",140,587,490,"-2,193","4,660","4,163",40,8,**,**,400,"1,303",90,311,720,601,"50,440","518,881","50,440","499,801","10,280","19,080",570,"16,107","3,001",460,"12,324",210,243,230,109,290,"1,463",30,13,460,"1,543",490,"1,665",180,"1,548",**,**,**,**,**,**,290,408,**,**,100,82,"1,590","2,694","1,070",253,0,0,250,96,200,29,130,4,0,0,**,**,**,**,40,14,0,0,"3,700","2,627",950,"12,802",990,"12,841",**,**,"40,670","27,762","10,190","10,136","9,020","9,253","2,730","1,854",930,777,490,458,"1,010",228,"5,150","3,087",0,0,0,0,"2,960","1,464","39,070","26,145","38,870","25,747",280,397,
11,"$10,000 under $25,000","62,950","42,850","9,880","8,990","56,870","3,170","28,360","41,740","91,220","24,600","4,630","3,300","1,330",830,"9,350","17,450","1,086,526","62,950","1,101,701","48,050","784,435","13,320","13,486","7,710","15,477","6,980","8,849",510,215,"8,530","72,635","6,130","12,606","15,180","166,926",930,"2,780","10,420","7,590","14,135","1,040","4,513","10,470","15,175",200,42,40,180,950,"2,933",500,"1,638","3,430","3,340","61,540","926,477","61,540","899,623","13,820","26,854","1,410","39,894","25,488","1,140","28,019",630,827,620,348,810,"3,799",60,46,"1,260","4,488","1,330","4,844",530,"3,725",**,**,30,5,40,80,860,"2,778",40,200,"3,590","2,775","40,290","231,743","39,730","23,319",**,**,920,397,"14,030","4,766",710,31,770,269,"2,600","1,335","5,750",927,"5,400","2,180",20,10,"6,410","10,710","2,890","33,303","2,970","33,593","2,140","1,117","57,820","150,510","17,250","53,124","15,230","48,704","11,340","19,424","2,340","2,016","1,300","1,030","30,690","18,552","35,640","30,717",**,**,0,0,"5,240","5,370","54,500","125,073","54,010","123,908",770,"1,165",
11,"$25,000 under $50,000","87,220","50,670","20,750","13,120","79,990","3,680","41,240","60,550","149,490","42,670","4,240","3,230","1,010",520,"13,210","20,570","3,192,936","87,220","3,230,948","74,230","2,535,026","19,960","21,424","12,030","29,459","11,040","17,899","2,160",742,"10,080","118,458","9,740","33,807","18,660","310,010","1,590","4,420","18,318","15,690","114,378","2,350","27,724","19,280","38,012",800,180,100,705,"1,530","6,302","1,440","5,692","10,320","11,239","83,850","1,345,862","83,850","1,318,306","13,660","27,556","3,360","86,026","129,841","2,030","43,067","2,260","4,568",920,666,"2,410","11,365",280,292,"3,130","15,064","3,290","16,347","1,780","13,079",80,432,90,70,60,218,"2,400","12,027",80,566,"9,310","15,827","86,100","1,751,926","85,180","190,244",**,**,"2,240","1,955","34,330","38,009","2,670",142,"2,540","1,557","4,500","4,825","14,640","2,829","21,270","28,166",190,211,"7,170","19,348","4,390","50,143","4,570","51,727","3,210","1,928","84,660","344,003","15,780","33,929","13,910","29,551","14,690","29,937","2,810","2,467","1,440","1,679","68,030","152,234","71,730","174,735",**,**,0,0,"10,440","14,887","75,820","183,682","74,710","180,614","1,700","3,068",
11,"$50,000 under $75,000","56,040","21,780","27,750","4,990","51,120","2,570","31,010","35,620","119,680","36,050","1,220",780,440,**,"5,760","16,770","3,455,494","56,040","3,495,252","47,470","2,589,440","19,200","21,949","12,190","38,023","11,260","24,669","4,250","1,447","8,830","118,028","9,840","45,101","16,130","380,405","1,150","3,120","12,666","12,880","207,541","2,640","46,060","15,750","39,758","1,290",304,170,"1,462","1,340","7,505","1,430","6,832","7,450","8,489","50,740","974,467","50,740","953,891","10,320","20,576","5,300","127,216","333,851","2,030","45,814","4,280","11,912",910,776,"4,440","21,203",430,321,"5,050","30,941","5,260","32,415","3,700","26,510",100,495,170,160,70,230,"3,800","20,159",130,"1,033","9,200","24,954","55,840","2,331,369","55,670","280,687",**,**,"1,070","3,134","24,280","52,789","3,540",266,"1,790",961,"3,380","4,315","5,020",870,"17,670","45,145",220,396,"6,420","19,885","1,470","20,340","1,780","23,128","1,220","1,105","54,990","352,034",580,247,440,190,"5,290","11,003","2,220","2,125",430,894,"49,600","227,898","51,330","250,607",**,**,0,0,"10,680","21,190","44,940","121,904","43,610","117,817","1,930","4,087",
11,"$75,000 under $100,000","38,390","7,170","28,990","1,700","35,050","1,750","22,430","23,730","96,030","28,690",350,160,190,0,"2,900","12,950","3,332,020","38,390","3,366,669","32,760","2,432,085","16,640","21,189","10,940","41,411","10,180","28,254","5,120","1,740","6,750","111,498","8,720","52,661","13,270","407,443",650,"2,210","9,379","9,770","211,769","2,370","48,080","12,000","34,649","1,230",302,150,"1,503","1,070","7,195","1,140","5,686","5,260","6,267","33,770","756,023","33,770","739,758","7,870","16,264","4,620","120,716","401,706","1,480","35,021","3,890","14,501",650,670,"4,020","20,787",410,326,"4,430","32,061","4,590","33,221","3,400","26,502",90,396,210,164,80,105,"3,670","23,633",130,"1,156","7,570","27,079","38,310","2,427,658","38,230","300,465",**,**,450,"2,490","17,960","51,080","3,400",350,"2,080","1,165","2,980","4,109",0,0,"14,360","44,003",170,479,"5,200","17,846",370,"4,428",600,"7,103",470,547,"37,940","343,828",0,0,0,0,"1,180","2,334","2,000","2,011",90,164,"36,730","249,385","37,190","269,546",**,**,0,0,"8,510","20,881","29,690","94,408","28,400","90,101","1,830","4,307",
11,"$100,000 under $200,000","53,950","5,010","47,510","1,050","49,400","2,590","32,080","27,170","148,840","47,450",260,100,160,0,"2,590","17,820","7,194,402","53,950","7,271,476","46,300","5,150,790","29,350","49,820","20,870","118,701","19,580","85,410","12,710","6,036","10,170","259,412","17,480","202,246","19,810","868,890","1,060","2,250","10,249","12,520","323,700","5,660","202,518","19,620","77,074","3,170",858,580,"8,032","2,230","20,416","1,770","9,333","7,930","9,109","43,580","1,030,097","43,580","1,009,071","9,770","21,026","10,370","326,753","1,455,214","2,330","61,730","9,290","54,681","1,000","1,254","9,380","56,105",830,539,"10,010","86,657","10,340","90,004","7,810","74,623",230,"1,104",530,391,280,"1,058","9,220","93,148",270,"3,855","13,200","83,822","53,870","5,750,025","53,800","839,699",50,145,280,"2,617","30,330","89,861","7,260","1,293","4,570","2,753","5,640","7,798",0,0,"23,730","74,069",300,"1,185","7,930","37,670",50,692,310,"3,488",360,720,"53,380","864,448",0,0,0,0,210,522,"4,440","4,536",**,**,"53,320","749,839","53,430","793,923",230,69,80,25,"18,960","71,332","34,810","140,696","32,220","123,917","3,750","16,779",
11,"$200,000 under $500,000","11,210",930,"10,050",160,"10,370",550,"8,230","3,130","32,050","10,910",20,0,20,0,160,"4,120","3,129,237","11,210","3,183,639","9,290","1,810,160","8,630","39,799","6,870","104,710","6,580","82,366","3,130","3,794","2,700","167,125","6,630","238,889","4,180","291,222",350,210,"1,112","2,510","71,452","3,710","383,139","3,930","54,402",430,105,590,"15,376","1,440","18,901",280,"2,631",0,0,"6,340","151,220","6,340","147,689","1,630","3,530","4,860","196,324","1,414,867",460,"16,121","4,620","54,323",230,398,"4,450","35,419",310,215,"4,780","45,727","4,860","47,241","3,570","43,648",120,673,370,183,390,"2,945","4,570","81,522",220,"3,884","5,020","92,341","11,200","2,687,878","11,200","512,738",80,937,30,372,"7,590","23,067","3,320","1,783",720,395,0,0,0,0,"4,790","15,428",80,572,"2,390","20,687",0,0,30,384,70,290,"11,110","529,543",0,0,0,0,0,0,0,0,0,0,"11,180","489,671","11,190","521,617","3,700","2,584","5,250","6,004","5,480","61,021","5,700","68,170","4,050","37,588","2,200","30,582",
11,"$500,000 or more","2,120",180,"1,900",30,"2,010",80,"1,930",260,"6,070","2,160",0,0,0,0,**,880,"3,308,716","2,120","3,337,749","1,750","774,884","1,980","53,162","1,630","136,132","1,590","106,252",850,"11,191",650,"71,252","1,720","1,104,753",640,"53,487",110,**,**,450,"13,984","1,510","1,025,262","1,180","29,033",20,5,210,"7,817",690,"10,547",60,597,0,0,650,"15,504",650,"15,049",210,455,"1,470","247,056","2,739,139",30,"1,218","1,440","83,725",30,46,"1,360","17,932",40,35,"1,450","14,381","1,460","15,625",920,"14,745",20,373,120,25,310,"9,166","1,430","154,601",150,"3,658","1,440","164,033","2,120","2,882,083","2,120","765,736",110,"1,638",**,**,"1,390","14,537","1,100","3,186",70,43,0,0,0,0,30,78,**,**,700,"10,260",0,0,**,**,**,**,"2,100","810,784",0,0,0,0,0,0,0,0,0,0,"2,120","751,199","2,120","809,908","1,190","5,045","1,910","42,264",900,"116,169","1,210","116,305",450,"20,617",930,"95,688",
,,,,,,,,,,,,,,,,,,,,,,,,,,,,,,,,,,,,,,,,,,,,,,,,,,,,,,,,,,,,,,,,,,,,,,,,,,,,,,,,,,,,,,,,,,,,,,,,,,,,,,,,,,,,,,,,,,,,,,,,,,,,,,,,,,,,,,,,,,,,,,,,,,,,,,,
12,,"307,170","144,510","128,640","27,980","281,030","13,550","174,750","188,150","570,090","156,580","6,250","2,930","3,310",540,"33,080","94,710","17,645,593","306,220","17,843,917","242,280","11,786,799","100,910","122,692","63,970","326,977","59,640","246,645","19,130","11,174","43,190","582,119","47,840","680,435","89,640","2,240,086","8,410","18,750","82,999","54,550","773,572","15,670","673,365","69,650","198,324","5,510","1,424","1,060","17,697","7,060","49,595","5,000","22,942","29,520","33,985","288,030","5,028,747","288,030","4,901,603","64,160","127,122","14,900","472,819","2,637,980","4,840","110,296","12,170","101,147","2,290","2,181","12,900","66,950","1,250",583,"14,040","103,020","14,760","109,912","9,870","88,552",270,990,380,170,540,"4,030","11,670","139,271",660,"8,582","34,910","205,482","233,130","12,524,537","231,550","1,907,722",170,"1,539","5,100","8,320","99,140","192,456","13,550","3,376","8,660","4,893","13,990","17,082","21,660","4,017","68,510","151,989",490,"1,487","32,280","92,387","9,780","98,187","10,830","105,412","7,180","5,398","286,990","2,361,968","43,090","93,156","37,740","83,665","31,490","56,042","11,660","11,315","4,090","4,385","203,260","1,714,715","217,630","1,842,184","2,960","3,992","4,900","16,302","45,240","197,364","247,080","714,009","239,030","630,340","11,010","80,665",
12,Under $1,"4,230","2,280","1,730",100,"3,160",610,"3,000",860,"7,160","1,360",**,**,**,0,70,"2,290","-167,860","3,280","-164,790",790,"19,587","1,410","1,922",950,"2,623",850,"1,913",40,34,"1,450","-12,870","1,180","9,251",860,"8,326",920,20,90,0,0,630,"-27,094",740,"3,070",0,0,0,0,170,853,**,**,130,144,0,0,0,0,0,0,0,0,0,0,0,0,0,0,0,0,0,0,0,0,0,0,0,0,0,0,0,0,0,0,0,0,0,0,0,**,**,0,0,60,13,0,0,50,10,**,**,0,0,0,0,0,0,0,0,**,**,0,0,420,681,390,"5,108",410,"4,969",0,0,"1,930","6,265",300,354,190,237,120,233,120,117,280,363,50,9,540,785,0,0,0,0,310,272,"1,800","5,502","1,680","4,584",170,627,
12,"$1 under $10,000","47,140","38,740","5,310","2,580","41,610","2,920","22,380","22,360","42,170","7,270","2,320",950,"1,370",250,"3,110","13,120","227,726","47,140","231,912","32,990","159,918","9,850","4,443","5,590","5,396","5,090","3,290",100,30,"4,670","15,330","3,680","2,735","9,510","43,759",620,720,"2,092",100,367,550,-722,"4,580","4,186",**,**,**,**,400,"1,305",70,190,760,735,"46,850","523,227","46,850","502,849","10,880","20,378",280,"7,024","1,376",230,"5,379",90,79,110,50,140,499,**,**,240,640,250,707,80,485,**,**,0,0,**,**,90,121,**,**,40,12,"1,140","2,044",940,244,0,0,340,101,120,14,60,2,0,0,**,**,**,**,**,**,0,0,"3,610","2,586","1,140","12,354","1,180","12,308",**,**,"37,360","28,057","11,110","10,975","9,810","9,995","2,960","1,899",990,868,590,491,890,224,"4,910","2,993",0,0,0,0,"2,720","1,230","35,830","26,336","35,600","25,943",320,362,
12,"$10,000 under $25,000","58,020","36,910","11,450","8,480","53,110","2,430","29,360","39,240","88,110","22,540","2,040",990,"1,050",210,"9,120","18,020","999,933","58,020","1,013,876","42,800","698,642","12,830","8,914","7,540","13,845","6,910","8,807",340,108,"6,950","57,601","5,080","11,816","15,810","178,329","1,130","3,570","13,016","6,630","11,303","1,210","4,510","9,430","13,943",190,41,30,102,880,"3,063",390,"1,182","3,310","3,310","57,330","896,139","57,330","867,770","14,510","28,369",700,"18,838","12,378",580,"12,897",320,407,300,172,440,"1,635",50,6,620,"1,987",670,"2,171",250,"1,737",0,0,**,**,**,**,380,"1,346",**,**,"2,610","1,888","35,190","201,760","34,830","20,483",0,0,"1,140",538,"11,460","3,648",480,20,580,198,"1,800",896,"4,790",744,"4,720","1,768",**,**,"5,620","9,452","3,060","29,921","3,140","29,955","2,020","1,073","53,400","141,946","16,970","50,299","14,830","46,136","10,540","17,888","1,730","1,539","1,390","1,175","27,490","16,835","32,120","27,676",0,0,0,0,"4,610","4,661","50,500","118,812","49,930","117,634",810,"1,178",
12,"$25,000 under $50,000","74,460","39,980","21,360","10,690","69,140","2,750","40,270","53,240","132,660","37,360","1,320",770,550,80,"11,380","19,160","2,710,492","74,460","2,741,556","62,410","2,091,916","18,160","13,569","10,530","23,131","9,770","15,519","1,580",489,"8,500","87,252","7,260","24,942","18,350","316,409","1,740","5,570","24,893","15,320","102,084","2,180","19,340","16,010","31,064",620,143,50,288,"1,260","5,606","1,150","4,264","8,490","9,720","72,880","1,211,712","72,880","1,185,671","13,030","26,041","1,580","41,193","60,570","1,020","22,574","1,000","2,293",500,372,"1,170","4,473",140,62,"1,460","6,390","1,550","6,869",780,"5,367",30,106,**,**,30,64,"1,010","5,154",70,588,"7,680","12,000","73,640","1,446,888","72,790","156,743",**,**,"2,010","1,733","29,070","32,083","1,630",78,"1,740",982,"3,180","3,435","12,220","2,495","18,870","24,763",110,120,"6,260","15,455","3,790","35,442","3,920","36,418","3,170","1,985","72,450","302,045","14,170","31,297","12,500","27,118","12,870","26,604","2,010","1,850","1,420","1,677","57,700","124,660","61,260","143,283",**,**,0,0,"7,930","11,403","65,780","169,755","64,710","166,656","1,600","3,087",
12,"$50,000 under $75,000","46,680","16,210","25,410","3,940","43,200","1,730","28,710","30,920","100,700","28,680",380,160,220,0,"5,020","14,750","2,879,585","46,680","2,910,444","39,140","2,108,100","16,510","13,375","9,990","29,062","9,280","20,272","3,100",927,"6,900","78,292","7,130","35,133","14,960","365,643","1,310","3,990","19,012","11,910","181,325","2,110","25,698","12,760","30,859","1,060",255,80,639,"1,030","6,283","1,150","5,207","6,330","7,466","44,290","868,625","44,290","850,245","9,420","18,380","2,390","57,571","150,183","1,020","22,081","1,830","5,751",490,421,"2,020","7,537",250,109,"2,220","12,475","2,370","13,216","1,560","10,615",40,86,60,28,30,35,"1,690","9,505",90,918,"6,710","17,667","46,580","1,934,625","46,450","231,419",0,0,"1,000","2,606","19,680","43,018","2,100",164,"1,430",767,"2,640","3,570","4,650",778,"14,920","37,002",120,216,"5,030","14,040","1,180","13,329","1,510","15,788","1,210","1,090","45,940","299,191",540,231,410,179,"4,190","7,950","1,860","1,854",370,629,"41,780","188,400","43,110","204,880",0,0,0,0,"8,110","16,409","38,310","110,007","37,100","106,151","1,700","3,856",
12,"$75,000 under $100,000","30,830","5,510","23,630","1,310","28,520","1,160","19,690","20,040","76,300","21,880",120,40,80,0,"2,490","10,530","2,668,072","30,830","2,693,842","26,100","1,913,259","13,570","12,580","8,800","31,701","8,270","22,930","3,320","1,054","5,120","67,989","6,270","42,566","11,460","358,112",890,"2,460","11,701","8,330","170,249","1,930","26,656","9,440","25,770","1,000",254,110,930,790,"5,794",910,"4,187","4,620","5,619","28,710","639,225","28,710","625,726","6,670","13,499","2,120","55,040","183,596",720,"16,952","1,760","7,156",310,312,"1,900","7,669",210,79,"1,980","13,696","2,100","14,475","1,530","11,161",40,140,40,17,30,62,"1,600","10,732",90,687,"5,260","17,527","30,790","1,961,091","30,720","243,241",**,**,350,"1,909","13,650","39,157","2,000",215,"1,640",980,"2,500","3,580",0,0,"11,540","33,500",80,180,"3,840","11,901",220,"2,033",420,"3,932",460,551,"30,490","285,380",0,0,0,0,730,"1,298","1,800","1,824",40,50,"29,810","204,083","30,090","215,892",**,**,0,0,"5,910","15,992","24,810","85,019","23,740","80,692","1,480","4,328",
12,"$100,000 under $200,000","37,250","3,870","32,390",750,"34,360","1,540","24,610","19,340","100,050","30,440",70,20,40,0,"1,780","13,060","4,914,646","37,250","4,963,306","31,240","3,327,975","21,470","28,150","14,900","84,950","14,050","63,670","8,150","3,426","7,140","141,184","11,880","140,214","15,100","711,157","1,280","2,250","11,400","9,810","240,740","4,030","96,631","13,490","48,660","2,370",664,360,"5,221","1,400","12,995","1,140","6,137","5,880","6,991","32,540","761,858","32,540","745,150","7,900","16,707","4,710","142,274","662,210","1,050","23,755","4,200","26,671",460,623,"4,340","21,221",440,242,"4,470","38,212","4,700","40,538","3,500","31,019",120,476,180,95,110,397,"4,010","41,135",220,"3,229","8,610","47,251","37,230","3,959,803","37,200","578,313",30,50,190,"1,268","19,830","57,628","4,510",941,"2,810","1,715","3,870","5,601",0,0,"15,790","46,868",150,749,"5,330","22,473",**,**,220,"1,862",280,557,"36,930","611,449",0,0,0,0,80,170,"3,150","3,263",**,**,"36,990","520,734","37,040","548,143",140,29,40,12,"11,590","46,834","25,570","109,423","23,370","94,510","2,960","14,913",
12,"$200,000 under $500,000","7,290",840,"6,290",130,"6,740",350,"5,580","1,970","19,550","5,970",**,**,0,0,110,"3,210","2,055,154","7,290","2,084,515","5,790","1,089,970","5,920","22,339","4,670","75,040","4,440","59,767","1,990","2,123","2,050","101,030","4,340","154,368","3,150","226,409",420,170,795,"2,100","57,464","2,250","173,370","2,590","29,361",270,67,340,"7,533",850,"10,069",160,"1,535",0,0,"4,880","115,104","4,880","111,722","1,580","3,382","2,410","96,301","715,513",220,"6,658","2,280","29,616",120,231,"2,240","16,071",160,85,"2,350","22,661","2,410","23,925","1,740","21,790",40,182,100,30,200,977,"2,210","36,899",140,"2,855","3,260","47,450","7,290","1,795,798","7,290","347,982",60,273,20,155,"4,580","12,316","2,160","1,049",430,231,0,0,0,0,"2,670","8,088",30,222,"1,770","11,975",0,0,30,180,40,142,"7,230","358,945",0,0,0,0,0,0,0,0,0,0,"7,280","335,666","7,290","356,270","2,170","1,630","3,710","5,424","3,440","43,801","3,840","45,916","2,620","24,609","1,550","20,914",
12,"$500,000 or more","1,270",170,"1,070",**,"1,190",60,"1,150",180,"3,390","1,080",0,0,0,0,**,570,"1,357,845","1,270","1,369,256","1,020","377,432","1,190","17,400","1,000","61,229",980,"50,477",510,"2,983",410,"46,311","1,020","259,410",440,"31,942",100,**,**,350,"10,040",780,"354,976",610,"11,411",**,**,90,"2,984",280,"3,627",30,240,0,0,550,"12,857",550,"12,470",170,366,710,"54,578","852,154",**,**,690,"29,174",**,**,650,"7,845",**,**,700,"6,959",710,"8,011",430,"6,378",**,**,**,**,140,"2,495",680,"34,379",50,305,740,"61,687","1,270","1,222,528","1,270","329,284",80,"1,216",0,0,750,"4,592",610,907,30,20,0,0,0,0,**,**,**,**,400,"3,824",0,0,**,**,**,**,"1,260","328,690",0,0,0,0,0,0,0,0,0,0,"1,270","324,104","1,270","342,262",650,"2,333","1,150","10,866",620,"56,762",640,"43,239",280,"9,561",420,"31,400",
,,,,,,,,,,,,,,,,,,,,,,,,,,,,,,,,,,,,,,,,,,,,,,,,,,,,,,,,,,,,,,,,,,,,,,,,,,,,,,,,,,,,,,,,,,,,,,,,,,,,,,,,,,,,,,,,,,,,,,,,,,,,,,,,,,,,,,,,,,,,,,,,,,,,,,,
13,,"332,820","156,110","138,840","31,060","300,280","16,770","178,060","210,150","612,370","164,860","9,820","4,260","5,580",730,"35,200","104,460","18,935,522","331,760","19,148,191","264,470","12,761,098","106,290","146,719","62,840","342,974","57,880","252,006","19,510","15,287","41,050","547,956","49,500","767,897","100,590","2,564,345","6,370","19,300","81,580","60,520","814,683","14,770","771,189","71,780","212,669","6,130","1,572","1,080","19,334","7,490","52,333","5,570","25,085","29,890","33,144","312,710","5,468,747","312,710","5,326,864","71,390","141,882","16,140","539,107","3,136,658","5,140","119,248","13,010","111,082","2,620","2,443","13,990","68,478","1,320",866,"15,320","108,847","15,970","115,626","11,180","105,086",280,"1,376",590,288,680,"7,311","12,680","155,945",780,"16,109","33,470","220,432","252,960","13,318,805","251,630","2,018,246",140,"2,513","5,370","8,298","107,150","204,196","14,160","5,819","9,270","5,112","15,680","18,470","25,710","4,787","73,210","159,866",590,"1,656","31,620","91,671","10,580","108,978","11,620","116,107","7,570","5,457","313,390","2,559,416","47,660","103,801","42,060","94,051","34,710","60,990","12,700","11,968","4,310","4,487","221,480","1,812,851","236,020","1,950,910","2,630","3,999","4,190","15,972","46,810","185,467","271,680","789,746","265,060","682,444","9,300","106,646",
13,Under $1,"3,980","2,220","1,540",110,"2,850",700,"2,690",800,"6,460","1,170",60,20,40,0,60,"2,110","-163,420","2,920","-159,691",700,"17,333","1,330","2,195",870,"2,633",780,"1,733",50,55,"1,310","-18,256","1,180","10,193",760,"7,375",700,30,139,**,**,600,"-29,473",720,"3,729",0,0,**,**,160,829,**,**,120,139,0,0,0,0,0,0,0,0,0,0,0,0,0,0,0,0,0,0,0,0,0,0,0,0,0,0,0,0,0,0,0,0,0,0,0,**,**,0,0,80,21,0,0,70,17,**,**,0,0,0,0,0,0,0,0,**,**,0,0,420,703,400,"5,185",420,"5,179",0,0,"1,730","5,536",300,330,180,218,80,141,90,88,260,294,70,16,560,832,**,**,0,0,320,340,"1,590","5,011","1,500","4,174",120,795,
13,"$1 under $10,000","50,240","41,160","5,420","3,030","43,540","3,630","22,210","24,850","45,000","7,860","3,130","1,310","1,830",360,"3,240","14,060","248,239","50,240","252,341","35,860","177,502","10,300","4,686","5,480","5,184","4,880","2,806",140,63,"4,400","14,370","3,820","3,345","10,450","49,487",440,870,"2,221",120,460,510,"-1,266","4,440","4,102",20,4,**,**,390,"1,235",100,335,720,642,"49,980","560,861","49,980","539,037","11,740","21,824",260,"6,958","1,314",210,"5,535",100,127,100,41,130,406,**,**,220,531,240,584,80,470,0,0,0,0,20,22,100,126,20,124,60,38,"1,160","2,004","1,040",277,0,0,400,144,160,21,80,2,0,0,**,**,**,**,**,**,0,0,"3,450","2,435","1,230","13,654","1,270","13,618",**,**,"40,790","30,556","12,250","12,265","10,980","11,312","3,400","2,144",890,751,610,532,990,257,"4,840","2,794",0,0,0,0,"2,670","1,197","39,320","28,953","39,160","28,656",250,265,
13,"$10,000 under $25,000","65,200","41,660","12,500","9,690","58,890","3,090","31,190","45,180","98,400","25,300","3,250","1,540","1,710",280,"10,030","20,950","1,122,403","65,200","1,135,961","48,350","786,801","14,340","10,638","7,530","12,961","6,860","7,345",390,165,"6,910","56,654","5,320","11,991","18,840","220,182",830,"4,140","14,270","7,900","13,485",970,"1,853","9,670","13,558",200,44,30,78,890,"2,853",440,"1,335","3,370","3,171","64,370","1,003,514","64,370","971,056","16,690","32,458",830,"22,179","14,918",680,"15,070",370,532,360,196,510,"1,850",60,32,740,"2,358",780,"2,619",310,"2,349",**,**,**,**,**,**,470,"1,523",**,**,"2,480","1,874","39,600","225,720","39,350","22,861",0,0,"1,190",512,"13,050","4,093",540,21,560,196,"1,910",933,"5,820",924,"5,340","2,003",**,**,"5,650","9,433","3,400","32,958","3,480","33,000","2,220","1,164","60,550","159,304","19,110","57,083","16,780","52,643","11,990","20,388","1,920","1,652","1,580","1,284","31,220","18,768","36,070","29,795",0,0,0,0,"4,670","4,452","57,590","133,849","57,150","132,767",680,"1,074",
13,"$25,000 under $50,000","81,670","43,640","23,350","11,920","74,690","3,440","41,830","59,060","143,530","39,090","2,110",960,"1,160",90,"11,970","22,400","2,975,376","81,670","3,008,432","68,130","2,290,221","20,150","16,521","11,040","23,372","10,040","14,243","1,690",610,"8,020","79,249","8,060","27,041","21,530","393,848","1,340","5,470","24,048","17,970","118,961","2,030","15,625","16,620","33,056",850,200,70,453,"1,430","5,862","1,420","5,281","8,430","9,120","79,830","1,330,432","79,830","1,299,415","15,450","31,017","1,840","47,049","70,669","1,130","24,787","1,130","2,319",570,402,"1,330","4,757",150,90,"1,670","6,803","1,790","7,441",970,"7,147",50,235,40,36,**,**,"1,230","6,219",60,571,"7,000","11,092","80,670","1,587,970","79,860","172,047",**,**,"2,220","1,896","31,880","34,613","1,880",99,"1,880","1,049","3,590","3,789","14,560","2,956","20,240","26,404",150,140,"6,120","15,393","4,160","41,482","4,330","42,601","3,410","2,127","79,880","328,565","15,400","33,872","13,650","29,676","14,010","28,507","2,330","2,043","1,460","1,737","63,730","137,434","67,360","156,246",0,0,0,0,"8,530","11,344","72,510","183,183","71,620","180,686","1,350","2,497",
13,"$50,000 under $75,000","50,880","17,500","27,960","4,160","46,310","2,240","29,460","34,140","108,680","29,920",760,240,520,**,"5,200","16,680","3,135,189","50,880","3,167,500","42,660","2,304,928","17,740","17,010","10,210","29,881","9,350","19,639","3,010","1,100","6,730","75,654","7,830","38,230","16,950","438,397","1,020","3,920","17,721","13,380","201,327","2,020","23,936","13,230","32,311","1,100",265,100,773,"1,090","6,363","1,310","5,943","6,260","7,113","48,180","949,457","48,180","928,162","10,760","21,296","2,700","67,332","169,655","1,110","26,490","2,070","6,164",550,472,"2,310","8,320",240,133,"2,540","13,748","2,680","14,431","1,870","13,547",40,194,70,31,30,66,"1,860","10,886",90,918,"6,620","16,298","50,740","2,102,541","50,610","251,042",0,0,980,"2,526","21,330","45,229","2,430",183,"1,550",793,"2,900","3,725","5,330",907,"15,830","39,001",120,212,"5,100","14,106","1,160","13,228","1,500","15,715","1,230","1,070","50,210","323,590",600,251,470,202,"4,440","8,351","1,970","1,900",350,565,"45,810","205,812","47,210","222,570",**,**,0,0,"8,710","16,389","41,920","116,672","40,910","113,578","1,460","3,094",
13,"$75,000 under $100,000","33,970","5,630","26,600","1,340","31,080","1,450","20,510","22,570","83,940","23,400",300,100,200,0,"2,660","11,710","2,941,060","33,970","2,968,744","28,820","2,136,988","14,560","15,569","8,710","30,339","8,060","20,247","3,660","1,435","5,000","63,409","6,720","42,898","12,940","431,745",710,"2,630","12,361","9,250","186,933","1,850","26,294","10,150","27,684","1,160",305,110,825,820,"5,909",990,"4,615","4,900","5,928","31,670","710,976","31,670","695,547","7,460","15,429","2,310","61,013","201,457",780,"17,687","1,860","7,279",400,403,"2,070","8,302",230,136,"2,200","14,619","2,300","15,211","1,720","13,958",30,125,80,59,40,97,"1,750","11,731",100,"1,438","5,240","16,345","33,930","2,151,602","33,880","263,837",20,36,320,"1,628","15,010","42,175","2,220",186,"1,890","1,062","2,870","3,966",0,0,"12,610","36,131",110,285,"3,810","11,850",200,"2,136",410,"3,976",410,478,"33,700","312,235",0,0,0,0,690,"1,216","2,010","2,004",50,75,"33,050","221,662","33,310","236,022",**,**,0,0,"6,320","15,060","27,570","90,775","26,600","87,491","1,330","3,283",
13,"$100,000 under $200,000","39,270","3,520","34,810",690,"35,910","1,820","24,210","21,580","106,030","31,970",210,90,120,0,"1,960","13,330","5,144,566","39,270","5,194,984","33,670","3,639,356","21,650","30,574","14,040","77,030","13,140","55,165","8,170","3,814","6,730","132,589","11,760","135,097","15,930","773,664",980,"2,120","10,143","9,870","237,410","3,800","99,491","14,010","50,418","2,580",700,340,"5,091","1,440","12,957","1,120","5,768","6,090","7,031","34,130","805,215","34,130","788,310","7,910","16,906","5,140","157,218","722,310","1,070","24,605","4,560","27,686",520,719,"4,810","22,210",470,374,"4,970","41,932","5,130","43,488","4,060","39,012",100,412,230,119,170,570,"4,440","44,453",240,"3,759","8,300","44,442","39,250","4,135,072","39,210","599,116",**,**,190,"1,575","20,850","60,039","4,480",771,"3,040","1,809","4,410","6,057",0,0,"16,770","49,326",170,751,"5,210","22,120",30,335,210,"2,018",260,480,"39,000","632,752",0,0,0,0,100,243,"3,490","3,530",**,**,"39,010","539,077","39,070","566,566",130,44,60,26,"12,010","44,773","27,170","110,147","25,480","100,260","2,330","9,887",
13,"$200,000 under $500,000","6,400",640,"5,620",120,"5,860",350,"4,820","1,800","17,210","5,210",**,0,**,0,80,"2,660","1,785,702","6,400","1,817,229","5,270","981,969","5,070","21,029","3,940","64,596","3,780","50,640","1,880","2,464","1,600","104,993","3,780","144,097","2,750","216,702",280,120,677,"1,710","46,645","2,110","182,538","2,280","31,527",220,54,340,"8,587",900,"11,256",160,"1,502",0,0,"4,090","97,328","4,090","94,711","1,210","2,617","2,310","91,506","673,317",160,"5,074","2,190","26,656",120,210,"2,150","13,981",170,101,"2,240","21,525","2,300","22,731","1,730","21,620",60,410,130,37,210,"2,011","2,110","34,230",170,"4,710","2,940","48,594","6,400","1,547,404","6,390","296,544",40,163,**,**,"4,040","10,740","1,840","1,170",320,187,0,0,0,0,"2,420","7,001",40,268,"1,470","12,058",0,0,**,**,40,138,"6,330","308,085",0,0,0,0,0,0,0,0,0,0,"6,390","285,804","6,390","304,553","1,840","1,332","3,030","3,574","3,060","35,878","3,330","38,924","2,370","22,180","1,270","16,744",
13,"$500,000 or more","1,210",140,"1,040",**,"1,150",50,"1,140",170,"3,120",940,0,0,0,0,**,560,"1,746,407","1,210","1,762,691","1,010","426,000","1,150","28,497","1,020","96,978",990,"80,188",520,"5,581",350,"39,294","1,030","355,005",440,"32,945",70,**,**,320,"9,462",880,"452,191",660,"16,284",**,**,90,"3,527",370,"5,069",30,306,0,0,460,"10,964",460,"10,626",170,335,750,"85,852","1,283,018",**,**,730,"40,319",**,**,680,"8,652",**,**,740,"7,331",750,"9,121",440,"6,983",**,**,40,6,210,"4,545",720,"46,777",100,"4,589",830,"81,749","1,210","1,566,492","1,210","412,501",80,"2,314",0,0,830,"7,286",690,"3,387",30,16,0,0,0,0,**,**,**,**,390,"3,573",0,0,0,0,**,**,"1,200","458,793",0,0,0,0,0,0,0,0,0,0,"1,210","404,021","1,210","431,532",660,"2,623","1,100","12,372",520,"56,034",680,"82,232",270,"12,652",510,"69,007",
,,,,,,,,,,,,,,,,,,,,,,,,,,,,,,,,,,,,,,,,,,,,,,,,,,,,,,,,,,,,,,,,,,,,,,,,,,,,,,,,,,,,,,,,,,,,,,,,,,,,,,,,,,,,,,,,,,,,,,,,,,,,,,,,,,,,,,,,,,,,,,,,,,,,,,,
14,,"336,210","162,310","136,230","30,470","296,520","22,090","171,520","204,560","605,550","158,400","8,740","2,500","6,240",640,"36,960","108,970","22,558,397","335,170","22,792,715","267,730","15,263,817","114,080","163,823","72,800","395,904","67,390","292,648","21,880","15,863","39,340","616,411","56,620","915,373","104,030","2,690,895","2,740","20,360","96,664","65,850","988,705","15,820","934,708","75,230","234,318","7,540","1,959","1,380","27,642","8,310","61,185","5,780","27,874","34,650","39,046","315,100","5,446,761","315,100","5,300,030","74,540","146,727","17,880","596,244","4,038,257","4,440","89,580","15,010","142,366","2,430","2,833","15,950","89,312","1,490",817,"16,870","130,101","17,740","137,988","13,300","133,879",200,"1,355",490,361,660,"8,128","14,870","142,760","1,600","76,554","34,540","274,547","261,620","16,774,195","260,140","2,759,774",230,"1,937","5,920","8,014","107,780","217,845","18,060","8,046","8,600","4,642","16,500","20,490","19,430","3,539","74,190","168,096",370,924,"30,540","97,775","9,510","57,428","10,880","64,134","6,560","4,787","318,010","3,238,239","41,050","85,747","36,190","77,528","27,320","45,627","13,530","12,980","4,030","3,725","236,520","2,541,688","248,280","2,696,874","5,710","8,864","7,800","28,707","52,760","289,627","270,280","818,497","263,120","695,450","9,900","123,027",
14,Under $1,"3,230","1,990","1,020",120,"2,070",680,"1,930",670,"4,600",560,20,**,20,0,60,"1,780","-146,867","2,190","-144,425",560,"20,898",990,"1,778",700,"3,225",640,"2,269",60,62,"1,110","-11,057",830,"7,784",630,"6,975",190,30,107,**,**,500,"-45,524",540,"2,442",**,**,**,**,200,"1,082",**,**,120,144,0,0,0,0,0,0,0,0,0,0,0,0,0,0,0,0,0,0,0,0,0,0,0,0,0,0,0,0,0,0,0,0,0,0,0,**,**,0,0,90,67,**,**,70,23,**,**,0,0,0,0,0,0,0,0,**,**,0,0,310,671,330,"2,619",350,"2,584",0,0,"1,460","8,056",210,223,130,136,90,182,90,87,240,275,80,63,430,824,20,18,0,0,250,316,"1,350","7,547","1,240","5,220",160,"1,718",
14,"$1 under $10,000","49,350","41,640","4,210","2,980","41,960","4,100","20,040","23,980","41,260","7,040","2,930",820,"2,110",340,"3,440","13,490","238,989","49,350","243,032","35,180","168,981","9,710","4,253","5,930","5,270","5,280","3,354",90,42,"3,870","11,933","4,160","3,022","10,040","47,508",130,770,"2,187",130,469,430,-787,"4,060","4,043",40,8,30,106,430,"1,379",100,307,750,704,"49,070","525,815","49,070","505,564","11,150","20,251",280,"5,854","1,357",230,"4,211",110,372,100,40,140,551,**,**,220,676,240,767,90,637,0,0,**,**,**,**,110,125,**,**,70,47,"1,710","2,976","1,250",305,0,0,420,145,180,23,120,3,0,0,**,**,**,**,30,13,0,0,"3,130","2,146","1,160","7,979","1,210","7,874",**,**,"39,850","28,965","11,630","11,269","10,470","10,369","3,070","1,917",950,816,660,537,"1,210",283,"4,690","2,557",0,0,0,0,"2,570","1,033","38,450","27,458","38,270","26,929",240,526,
14,"$10,000 under $25,000","59,940","39,730","10,150","8,840","53,220","3,560","27,280","40,860","86,020","20,620","2,780",800,"1,980",190,"9,730","20,000","1,029,389","59,940","1,042,567","43,680","708,863","12,950","9,720","7,710","14,667","6,860","7,942",280,100,"5,960","50,271","5,000","10,069","17,760","208,651",230,"3,600","13,582","8,200","14,425",880,"1,641","8,830","13,178",220,49,**,**,910,"3,053",430,"1,318","3,400","3,244","59,230","907,504","59,230","876,564","16,220","30,940",710,"17,486","12,756",560,"11,395",320,448,310,177,450,"1,710",50,6,630,"2,095",680,"2,272",300,"1,962",**,**,**,**,**,**,430,"1,183",50,503,"2,220","1,626","37,160","213,060","36,830","21,817",**,**,"1,370",602,"11,550","3,656",530,19,460,141,"2,090","1,032","4,780",768,"4,550","1,683",**,**,"4,980","8,513","3,240","19,497","3,340","19,299","1,920",992,"55,760","142,161","16,620","47,940","14,530","43,988","9,810","16,586","1,790","1,537","1,660","1,343","29,610","18,161","33,750","27,871",**,**,0,0,"4,290","4,375","53,070","118,325","52,660","117,178",600,"1,148",
14,"$25,000 under $50,000","75,140","43,360","18,610","10,490","67,190","4,060","35,530","53,270","122,640","29,600","1,950",640,"1,310",110,"11,490","21,870","2,737,338","75,140","2,768,123","61,980","2,083,560","18,490","14,784","10,750","22,242","9,820","14,177","1,430",349,"6,700","67,556","7,510","23,505","20,590","375,571",370,"5,260","25,701","17,830","125,096","1,470","5,282","15,980","30,785",920,220,60,365,"1,340","6,186","1,220","4,724","9,490","10,678","73,680","1,191,156","73,680","1,160,659","15,300","30,496","1,460","34,431","55,619",890,"16,674",870,"2,006",480,474,"1,090","4,198",150,71,"1,310","5,564","1,420","6,107",770,"5,264",20,126,40,12,30,17,"1,050","4,460",100,"1,148","5,710","8,948","74,330","1,500,671","73,700","163,680",**,**,"2,370","1,975","26,470","28,447","1,920",100,"1,420",772,"3,590","4,106","10,980","2,152","16,280","21,108",90,85,"5,130","12,714","3,620","20,287","3,860","21,837","2,850","1,717","73,600","297,852","12,230","26,185","10,780","22,936","10,710","20,738","2,330","2,089","1,190","1,189","61,250","135,234","63,920","150,884",**,**,0,0,"8,350","11,429","66,410","158,013","65,710","155,893","1,040","2,120",
14,"$50,000 under $75,000","49,060","20,640","22,280","4,590","43,640","2,930","26,560","32,220","94,760","23,530",630,150,480,**,"5,730","16,720","3,031,853","49,060","3,061,909","40,690","2,210,298","17,240","15,722","10,370","29,880","9,590","19,334","2,700",625,"5,460","60,149","7,700","33,886","16,740","422,242",350,"4,260","22,119","13,570","216,995","1,690","15,209","12,850","30,056","1,170",286,90,864,"1,030","6,011","1,210","5,357","7,100","8,211","46,840","869,292","46,840","847,660","11,060","21,631","2,220","52,261","140,342",890,"18,419","1,670","4,537",480,464,"1,890","7,188",220,124,"2,050","10,970","2,210","11,844","1,530","10,701",30,149,30,46,30,53,"1,670","8,012",160,"2,452","5,360","13,011","48,970","2,094,664","48,890","256,123",**,**,"1,020","2,227","18,250","37,042","2,500",175,"1,060",522,"2,900","3,900","3,670",619,"13,420","31,324",80,125,"4,140","11,676",960,"6,074","1,370","8,307","1,070",884,"48,470","326,127",360,130,280,99,"3,080","5,295","1,970","1,926",260,357,"45,630","219,081","46,570","233,308",**,**,0,0,"8,640","17,047","40,310","109,367","39,460","106,578","1,230","2,788",
14,"$75,000 under $100,000","34,670","8,020","24,110","1,920","30,810","2,170","19,760","22,290","80,100","21,380",250,50,200,0,"3,190","12,750","3,007,196","34,670","3,033,354","29,250","2,166,009","15,040","15,505","9,230","30,679","8,560","21,078","3,370",907,"4,530","55,587","7,080","42,114","13,300","429,085",360,"2,880","14,450","10,160","216,193","1,590","16,242","9,740","26,158","1,240",324,110,"1,146",830,"5,759",890,"4,475","5,040","5,992","32,380","695,449","32,380","679,054","8,100","16,395","2,290","55,201","199,561",690,"13,151","1,870","6,996",380,423,"2,070","8,604",220,103,"2,150","14,296","2,280","15,015","1,730","13,051",30,235,50,55,30,88,"1,840","10,238",190,"2,879","4,840","13,805","34,650","2,239,985","34,600","284,551",**,**,380,"1,418","14,440","38,211","2,450",258,"1,360",725,"2,590","3,688",0,0,"11,950","33,003",70,168,"3,390","10,169",170,847,430,"2,397",370,393,"34,430","336,033",0,0,0,0,490,777,"1,930","1,915",20,24,"34,060","246,340","34,210","258,814",**,**,0,0,"6,560","16,737","28,050","93,459","27,190","89,952","1,220","3,508",
14,"$100,000 under $200,000","51,110","5,610","43,790","1,280","45,320","3,540","30,330","27,560","137,560","42,730",180,40,140,0,"3,090","17,250","6,848,962","51,110","6,912,186","44,570","4,994,105","28,530","37,174","18,980","91,220","17,850","66,950","10,020","3,270","8,440","164,290","15,620","153,558","19,780","862,299",670,"3,220","16,496","12,730","323,375","4,660","106,429","18,510","63,224","3,440",942,450,"6,478","1,800","16,047","1,620","8,739","8,750","10,073","45,190","1,051,501","45,190","1,029,582","10,330","21,918","5,930","168,993","843,767","1,010","19,474","5,400","31,602",470,769,"5,630","28,813",560,335,"5,620","48,713","5,920","51,467","4,920","47,639",70,514,170,147,130,973,"5,140","36,987",530,"11,000","10,380","51,519","51,100","5,571,842","51,080","830,031",50,178,250,"1,386","27,810","78,798","6,000","1,082","3,480","1,998","5,330","7,764",0,0,"22,840","65,954",110,400,"6,480","27,103",30,125,280,"1,590",290,578,"50,840","875,053",0,0,0,0,70,132,"4,470","4,610",**,**,"50,980","751,233","51,010","785,328",230,52,110,26,"15,540","60,333","35,520","149,322","33,560","134,523","2,740","14,798",
14,"$200,000 under $500,000","11,500","1,070","10,160",210,"10,290",890,"8,130","3,420","32,600","10,960",**,**,**,0,230,"4,200","3,242,272","11,500","3,285,846","9,950","2,024,492","9,060","28,883","7,320","86,268","7,030","66,528","3,090","2,807","2,670","146,129","6,880","195,118","4,440","283,528",330,320,"1,879","2,710","76,585","3,230","206,395","3,710","43,574",490,124,480,"12,282","1,250","14,536",250,"2,404",0,0,"7,750","183,640","7,750","179,214","2,070","4,426","3,740","142,179","1,111,617",170,"6,256","3,570","42,592",160,305,"3,530","25,012",250,143,"3,650","35,542","3,740","37,279","3,080","40,176",50,331,150,91,210,"1,398","3,450","39,165",380,"15,501","4,620","61,042","11,490","2,855,903","11,490","559,194",90,383,40,238,"7,660","20,712","3,330","1,985",750,444,0,0,0,0,"5,120","15,011",20,146,"2,340","17,486",0,0,40,246,60,223,"11,410","572,722",0,0,0,0,0,0,0,0,0,0,"11,490","538,482","11,490","569,093","4,130","2,964","5,690","7,287","5,470","63,994","6,000","66,662","4,540","40,695","1,900","25,967",
14,"$500,000 or more","2,210",250,"1,900",40,"2,020",160,"1,960",290,"6,010","1,980",0,0,0,0,**,910,"2,569,265","2,210","2,590,123","1,870","886,611","2,070","36,004","1,810","112,453","1,760","91,016",840,"7,701",600,"71,553","1,840","446,317",750,"55,036",110,20,143,520,"15,567","1,370","629,821","1,010","20,858",20,6,160,"6,401",520,"7,132",60,550,0,0,960,"22,404",960,"21,733",310,670,"1,250","119,839","1,673,238",**,**,"1,200","53,813",50,181,"1,150","13,236",40,35,"1,240","12,245","1,250","13,237",880,"14,449",**,**,50,10,230,"5,599","1,180","42,590",190,"43,071","1,340","124,549","2,210","2,295,094","2,210","644,006",90,"1,376",**,**,"1,420","10,956","1,210","4,424",70,40,0,0,0,0,**,**,**,**,640,"7,297",0,0,**,**,**,**,"2,190","651,270",0,0,0,0,0,0,0,0,0,0,"2,210","632,811","2,210","668,195","1,330","5,830","2,000","21,394","1,090","114,363","1,120","88,344",490,"18,482",770,"70,454",
,,,,,,,,,,,,,,,,,,,,,,,,,,,,,,,,,,,,,,,,,,,,,,,,,,,,,,,,,,,,,,,,,,,,,,,,,,,,,,,,,,,,,,,,,,,,,,,,,,,,,,,,,,,,,,,,,,,,,,,,,,,,,,,,,,,,,,,,,,,,,,,,,,,,,,,
15,,"321,700","153,970","133,750","27,650","289,820","17,530","174,260","204,320","583,830","151,800","10,920","5,290","5,640",870,"34,160","101,850","17,626,438","320,690","17,815,827","254,170","12,075,322","107,460","138,434","64,310","342,450","59,760","258,106","15,110","10,301","38,990","506,661","46,840","663,496","98,840","2,331,569","4,140","21,130","94,970","58,730","777,620","13,110","586,078","70,210","189,389","6,150","1,594",880,"16,068","6,930","47,744","5,630","25,673","32,760","36,291","307,830","5,368,406","307,830","5,230,507","69,780","137,850","10,220","356,334","2,145,594","3,460","86,616","8,040","98,066","1,790","1,802","8,520","41,453",830,437,"9,550","65,422","10,080","70,058","6,110","51,679",90,509,140,59,350,"5,026","7,970","107,422",730,"18,656","30,420","190,660","242,020","12,311,202","240,880","1,850,409",130,"1,651","5,850","7,589","100,560","197,132","13,220","8,858","8,140","4,289","15,640","19,040","23,830","4,471","68,620","149,797",280,565,"28,700","81,997","9,990","76,100","11,100","81,845","7,270","4,856","302,760","2,377,754","45,390","96,043","40,070","87,199","31,130","53,648","12,520","12,058","4,360","4,255","213,300","1,651,548","226,360","1,774,179","2,340","3,254","3,700","18,414","40,750","155,085","266,660","754,332","260,760","669,951","8,350","82,593",
15,Under $1,"3,640","2,060","1,370",120,"2,560",660,"2,430",770,"5,480",610,30,30,**,0,70,"2,050","-166,232","2,630","-164,586",620,"17,655","1,180","1,852",800,"2,420",730,"1,485",30,71,"1,300","-13,242",930,"4,089",770,"7,810",450,30,110,**,**,500,"-31,411",580,"1,646",0,0,0,0,150,901,**,**,150,160,0,0,0,0,0,0,0,0,0,0,0,0,0,0,0,0,0,0,0,0,0,0,0,0,0,0,0,0,0,0,0,0,0,0,0,**,**,0,0,80,19,0,0,70,14,**,**,0,0,0,0,0,0,0,0,0,0,0,0,320,558,370,"3,633",400,"3,532",0,0,"1,700","6,410",260,257,140,162,80,124,110,100,290,338,70,14,440,655,**,**,0,0,270,237,"1,560","6,012","1,460","4,862",160,672,
15,"$1 under $10,000","51,180","41,940","5,870","2,850","44,520","3,690","22,520","24,790","45,780","7,310","3,760","1,610","2,150",460,"3,270","15,100","249,156","51,180","252,856","35,820","174,807","11,120","4,538","5,820","5,094","5,240","3,176",80,29,"4,190","12,332","3,850","2,479","11,510","54,970",280,910,"2,321",120,420,510,"-1,271","4,330","3,700",**,**,**,**,430,"1,270",70,210,730,664,"50,960","577,509","50,960","554,244","12,490","23,265",210,"4,983","1,061",170,"3,822",70,52,80,33,110,354,**,**,170,418,190,462,50,236,0,0,0,0,0,0,80,103,**,**,30,13,"1,180","1,961","1,170",269,0,0,520,158,130,10,60,1,0,0,**,**,**,**,**,**,0,0,"3,370","2,323","1,260","10,653","1,310","10,711",**,**,"41,410","30,336","12,360","11,767","11,020","10,803","3,180","1,986",910,801,670,514,"1,120",253,"4,890","2,712",0,0,0,0,"2,630","1,114","39,910","28,757","39,710","28,261",280,420,
15,"$10,000 under $25,000","63,150","40,140","13,060","8,660","57,050","3,240","30,790","43,750","94,950","22,610","3,620","1,850","1,770",300,"9,540","21,330","1,094,101","63,150","1,107,031","46,030","754,250","14,920","10,115","8,260","13,033","7,600","8,262",250,82,"6,440","51,514","5,200","11,092","19,430","230,742",530,"4,130","14,459","8,200","13,795",980,"3,093","9,270","12,930",200,44,**,**,840,"2,562",470,"1,528","3,650","3,452","62,600","986,068","62,600","952,773","17,110","33,295",550,"15,467","9,939",460,"12,038",210,308,260,177,300,838,30,6,480,"1,229",510,"1,336",120,668,0,0,**,**,**,**,290,"1,061",**,**,"2,260","1,627","38,120","220,352","37,870","22,463",20,60,"1,370",635,"12,410","3,882",500,21,520,165,"1,890",940,"5,550",879,"4,970","1,852",**,**,"5,020","8,314","3,270","24,792","3,340","24,505","2,310","1,170","58,800","152,455","18,030","52,253","15,850","48,451","10,720","18,351","1,720","1,489","1,650","1,456","30,260","18,582","34,510","28,456",**,**,0,0,"4,240","3,942","56,130","127,831","55,700","126,622",650,"1,206",
15,"$25,000 under $50,000","79,330","43,000","23,340","10,440","72,460","3,650","41,080","57,530","137,580","35,460","2,330","1,320","1,000",110,"11,530","22,010","2,882,159","79,330","2,913,605","65,600","2,197,787","20,940","14,716","11,790","23,942","10,860","16,140","1,190",334,"8,150","85,454","7,840","26,530","21,630","393,078",840,"5,820","27,042","18,200","121,605","1,720","9,464","17,120","31,446",850,200,70,372,"1,370","5,805","1,460","5,576","9,700","10,405","78,060","1,302,399","78,060","1,271,754","15,190","30,645","1,270","33,119","48,397",810,"19,250",770,"1,728",400,324,860,"2,752",100,46,"1,120","4,328","1,220","4,771",540,"3,293",**,**,**,**,**,**,850,"4,662",70,670,"7,000","10,473","78,440","1,536,912","77,670","166,561",0,0,"2,400","2,036","29,810","31,380","1,920",95,"1,600",819,"3,490","3,802","13,160","2,720","18,490","23,771",90,59,"5,800","13,478","3,910","28,043","4,110","29,283","3,200","1,921","77,510","319,573","14,220","31,558","12,650","27,618","12,580","25,261","2,160","1,950","1,430","1,512","62,790","135,182","66,120","152,070",0,0,0,0,"7,530","9,941","71,060","177,210","70,230","174,713","1,270","2,488",
15,"$50,000 under $75,000","48,820","16,970","26,990","3,640","44,500","2,310","28,790","33,190","102,910","27,200",720,310,420,**,"5,040","16,000","3,011,837","48,820","3,042,243","41,080","2,221,848","18,030","15,152","10,570","27,899","9,840","19,631","2,390",637,"6,160","69,658","7,450","34,934","16,600","415,532",650,"4,550","22,753","13,080","200,575","1,760","15,091","12,990","30,406","1,130",277,70,614,960,"5,771","1,370","6,320","6,830","7,820","47,270","925,799","47,270","906,096","10,100","19,703","1,560","40,157","98,047",750,"17,394","1,120","3,216",380,368,"1,260","4,539",140,84,"1,450","7,409","1,540","7,843",900,"5,847",40,131,50,24,40,55,"1,110","6,843",100,"1,113","5,780","13,918","48,740","2,030,716","48,630","242,678",**,**,980,"2,225","19,880","42,039","2,270",175,"1,410",703,"3,000","4,030","5,120",872,"14,700","35,862",70,117,"4,440","12,059","1,010","7,887","1,360","10,066","1,150",954,"48,240","316,497",520,208,410,165,"3,910","6,869","2,050","2,031",290,400,"44,430","200,639","45,530","215,543",0,0,0,0,"7,680","14,506","40,950","115,035","40,110","112,060","1,270","2,975",
15,"$75,000 under $100,000","32,630","5,560","25,500","1,190","29,740","1,550","20,020","21,960","80,360","22,270",300,110,190,0,"2,760","10,940","2,825,706","32,630","2,850,592","28,000","2,085,969","14,940","14,284","9,110","29,836","8,500","21,311","2,730",817,"4,700","57,573","6,600","43,726","12,220","385,937",520,"3,010","14,632","8,660","179,184","1,630","18,308","9,890","24,886","1,200",312,80,628,710,"4,840","1,010","4,915","5,250","6,327","31,180","693,623","31,180","679,897","6,730","13,726","1,450","39,359","126,377",500,"12,621","1,160","4,425",250,281,"1,250","4,760",120,67,"1,370","8,600","1,450","9,063",950,"6,529",**,**,**,**,**,**,"1,110","8,369",100,"1,618","4,770","13,937","32,600","2,077,144","32,540","254,704",0,0,330,"1,421","14,330","40,182","2,170",214,"1,640",916,"2,910","4,119",0,0,"12,120","34,393",50,89,"3,390","10,081",170,"1,092",390,"2,490",370,409,"32,380","305,072",0,0,0,0,580,896,"2,100","2,119",30,35,"31,880","214,524","32,070","227,107",0,0,0,0,"5,560","13,738","27,010","91,451","26,220","88,412","1,100","3,023",
15,"$100,000 under $200,000","36,350","3,500","31,980",630,"32,990","1,980","23,350","20,600","99,380","31,080",160,60,110,0,"1,880","11,660","4,733,492","36,350","4,778,903","31,520","3,422,060","20,900","28,714","13,590","73,593","12,810","55,222","6,530","2,528","6,250","122,642","10,840","120,764","14,050","643,177",690,"2,530","12,758","8,730","214,118","3,450","77,883","13,410","45,411","2,540",702,300,"4,083","1,330","12,342","1,100","5,656","6,450","7,463","33,310","778,609","33,310","763,995","6,920","14,613","3,040","91,767","425,905",650,"16,547","2,680","15,942",330,476,"2,770","12,466",310,161,"2,880","23,443","3,030","24,956","2,150","17,775",20,114,50,26,70,182,"2,570","25,824",240,"5,135","7,400","39,133","36,340","3,821,111","36,320","554,215",**,**,180,"1,100","19,710","57,861","4,030",742,"2,680","1,522","4,350","6,149",0,0,"16,250","47,925",70,300,"4,680","20,506",**,**,190,"1,258",240,402,"36,160","599,077",0,0,0,0,80,161,"3,470","3,568",**,**,"36,170","496,353","36,210","521,949",130,27,40,8,"9,880","37,422","26,420","113,932","24,950","102,653","2,070","11,279",
15,"$200,000 under $500,000","5,540",650,"4,770",100,"5,020",380,"4,290","1,590","14,750","4,470",**,**,**,0,70,"2,290","1,542,733","5,540","1,568,770","4,600","855,109","4,440","17,743","3,500","65,795","3,340","52,426","1,480","1,643","1,450","90,834","3,270","117,964","2,280","171,471",140,150,895,"1,510","41,013","1,830","149,795","2,030","26,037",230,59,280,"7,070",780,"9,412",120,"1,161",0,0,"3,950","92,861","3,950","90,545","1,110","2,316","1,590","64,315","468,570",120,"4,944","1,500","18,365",90,143,"1,470","9,808",110,64,"1,540","14,654","1,590","15,507","1,080","12,625",30,264,40,9,130,728,"1,430","22,570",150,"4,717","2,540","40,493","5,540","1,343,973","5,540","258,243",40,205,**,**,"3,610","9,648","1,710",957,270,152,0,0,0,0,"2,090","5,994",**,**,"1,340","11,144",0,0,**,**,**,**,"5,510","275,701",0,0,0,0,0,0,0,0,0,0,"5,530","248,589","5,530","265,925","1,650","1,151","2,720","3,503","2,480","28,894","3,050","38,249","2,160","20,470","1,140","17,780",
15,"$500,000 or more","1,060",150,870,20,980,70,990,140,"2,640",790,0,0,0,0,**,470,"1,453,486","1,060","1,466,413",900,"345,837",990,"31,320",870,"100,838",840,"80,453",430,"4,160",350,"29,896",860,"301,918",350,"28,852",40,**,**,230,"6,910",730,"345,126",590,"12,927",**,**,80,"3,301",360,"4,841",30,307,0,0,500,"11,538",500,"11,203",130,287,550,"67,167","967,298",**,**,530,"54,030",**,**,500,"5,936",20,9,540,"5,341",550,"6,120",320,"4,706",**,**,**,**,110,"4,061",530,"37,990",70,"5,403",640,"71,066","1,060","1,279,033","1,060","351,257",70,"1,386",**,**,680,"12,130",560,"6,653",20,12,0,0,0,0,**,**,0,0,340,"3,534",0,0,**,**,0,0,"1,050","372,633",0,0,0,0,0,0,0,0,0,0,"1,050","337,412","1,060","359,762",560,"2,076",940,"14,903",480,"45,291",570,"55,855",220,"11,898",410,"42,750",
,,,,,,,,,,,,,,,,,,,,,,,,,,,,,,,,,,,,,,,,,,,,,,,,,,,,,,,,,,,,,,,,,,,,,,,,,,,,,,,,,,,,,,,,,,,,,,,,,,,,,,,,,,,,,,,,,,,,,,,,,,,,,,,,,,,,,,,,,,,,,,,,,,,,,,,
16,,"331,910","161,820","128,190","34,710","298,320","18,280","165,340","211,900","601,820","169,170","14,860","10,200","4,670","2,980","36,580","100,870","20,181,802","330,840","20,411,114","266,920","13,496,526","104,850","145,780","68,200","425,348","63,290","327,292","18,380","14,309","40,230","609,424","54,310","1,241,521","95,260","2,386,062","3,670","19,070","89,627","58,960","827,462","14,760","898,120","74,870","229,312","7,200","1,849","1,320","25,739","8,140","59,308","5,390","25,906","35,430","40,353","312,810","5,336,440","312,810","5,201,652","68,500","134,791","15,540","549,375","3,970,377","4,180","103,437","12,900","128,823","2,260","2,280","13,520","77,704","1,340",783,"14,660","111,018","15,370","118,798","10,980","109,602",180,"1,174",380,202,650,"6,730","12,460","149,146","1,060","36,691","33,870","263,891","248,690","14,597,115","246,880","2,360,893",190,"1,547","5,310","6,670","109,090","212,467","17,890","7,966","8,640","4,559","16,160","19,941","23,780","4,459","73,380","157,338",320,799,"30,240","92,752","8,700","52,785","9,870","58,295","6,630","4,604","312,500","2,873,181","51,370","116,344","46,010","106,948","35,800","62,038","13,570","13,100","3,740","3,487","216,800","2,148,422","230,020","2,289,272","4,960","7,822","6,330","23,025","48,340","210,746","269,080","791,545","262,600","691,569","8,740","99,652",
16,Under $1,"3,540","2,160","1,170",130,"2,400",690,"2,210",740,"5,100",620,50,50,**,0,70,"2,000","-143,414","2,470","-141,296",580,"19,788","1,010","1,935",700,"3,207",630,"2,382",40,195,"1,130","-17,655",950,"5,443",650,"7,652",380,20,118,**,**,490,"-38,717",580,"2,118",**,**,0,0,160,844,**,**,140,172,0,0,0,0,0,0,0,0,0,0,0,0,0,0,0,0,0,0,0,0,0,0,0,0,0,0,0,0,0,0,0,0,0,0,0,0,0,0,0,90,31,0,0,80,24,**,**,0,0,0,0,0,0,0,0,20,8,0,0,310,525,310,"2,448",340,"2,397",0,0,"1,500","7,455",220,247,120,151,80,132,120,119,230,249,80,25,440,676,**,**,0,0,270,254,"1,380","7,057","1,310","5,658",110,"1,087",
16,"$1 under $10,000","54,580","45,580","4,710","3,780","47,530","3,890","21,230","28,070","46,950","8,980","4,920","3,160","1,760","1,300","3,710","13,470","265,214","54,580","269,212","40,640","196,788","9,610","3,905","6,040","5,725","5,450","3,552",80,26,"4,160","13,377","4,470","2,820","10,020","47,472",280,870,"2,411",130,496,460,-992,"4,290","3,998",40,7,**,**,380,"1,192",80,244,860,842,"54,290","584,387","54,290","564,033","11,110","20,355",290,"7,452","1,526",240,"5,842",100,107,120,54,150,631,**,**,230,711,250,767,90,525,0,0,0,0,**,**,110,158,**,**,50,15,"1,630","2,569","1,180",269,0,0,380,130,200,25,120,3,0,0,**,**,**,**,**,**,0,0,"3,280","2,293","1,060","7,503","1,110","7,401",**,**,"44,850","33,437","13,920","14,342","12,670","13,386","4,040","2,579","1,160","1,009",630,524,"1,120",246,"4,770","2,654",0,0,0,0,"2,570","1,076","43,360","31,855","43,190","31,568",230,276,
16,"$10,000 under $25,000","67,380","42,960","11,200","11,890","61,060","3,230","28,610","48,810","102,440","28,800","5,150","3,700","1,450","1,150","11,330","19,810","1,159,389","67,380","1,173,699","51,560","844,658","13,330","9,345","7,980","13,870","7,250","8,808",330,113,"6,870","56,828","5,780","11,565","17,590","202,203",480,"4,200","15,101","7,890","13,823",890,"1,005","10,240","14,310",240,54,30,171,860,"2,921",400,"1,262","4,290","4,043","66,660","1,027,018","66,660","996,639","15,820","30,380",710,"19,183","12,745",570,"14,424",310,425,320,173,410,"1,427",60,27,620,"1,817",660,"2,035",220,"1,304",**,**,**,**,**,**,360,"1,053",30,240,"2,440","1,761","41,660","235,765","41,140","23,811",20,24,"1,260",549,"14,510","4,663",660,24,630,203,"2,300","1,136","6,030","1,004","6,180","2,274",**,**,"5,470","8,856","3,040","18,232","3,120","18,043","2,220","1,172","62,890","173,532","21,470","67,182","19,210","62,649","13,830","23,757","2,220","1,940","1,540","1,258","31,650","19,148","36,430","29,576",0,0,0,0,"4,550","4,381","59,970","148,223","59,620","147,313",520,909,
16,"$25,000 under $50,000","78,300","42,660","20,470","12,140","71,330","3,610","36,640","57,840","136,310","38,190","3,720","2,800",920,530,"12,080","21,120","2,842,107","78,300","2,875,316","65,440","2,194,020","18,440","13,201","11,010","23,660","10,110","15,528","1,380",354,"7,850","87,063","8,060","24,445","20,130","366,770",770,"5,220","26,158","17,100","117,977","1,570","7,858","17,740","33,209","1,010",237,60,501,"1,370","6,292","1,300","4,871","10,680","11,890","76,830","1,259,825","76,830","1,230,795","14,540","29,030","1,470","39,255","56,196",960,"23,079",890,"1,716",490,334,"1,010","3,957",150,78,"1,300","5,112","1,420","5,881",700,"4,418",**,**,**,**,30,56,950,"4,346",80,962,"6,630","10,260","77,450","1,533,433","76,720","166,189",**,**,"2,210","1,759","31,150","33,412","2,310",117,"1,780",940,"3,770","4,292","13,320","2,697","19,680","25,133",90,84,"5,480","13,051","3,330","18,645","3,530","20,024","2,970","1,787","76,370","313,172","15,280","34,376","13,630","30,601","13,550","27,870","2,370","2,175","1,090","1,083","60,960","132,776","64,120","148,943",**,**,0,0,"8,520","10,926","69,070","174,737","68,330","172,388","1,050","2,350",
16,"$50,000 under $75,000","46,150","17,330","23,180","4,200","41,730","2,360","25,840","31,200","94,760","25,560",710,370,350,**,"4,930","15,840","2,841,654","46,150","2,872,442","38,310","2,060,931","16,730","14,154","10,290","30,428","9,510","21,264","2,670",656,"5,810","69,559","7,800","36,708","15,800","406,085",580,"3,580","19,281","12,790","200,366","1,650","14,208","13,060","30,788","1,350",326,90,618,"1,070","6,613","1,180","5,401","7,270","8,565","44,250","846,953","44,250","826,712","10,320","20,241","1,900","46,656","119,636",810,"18,609","1,410","4,028",430,390,"1,550","6,586",200,136,"1,770","9,441","1,880","10,311","1,200","8,111",60,348,40,39,30,26,"1,340","7,226",150,"1,704","5,730","13,720","46,050","1,932,568","45,950","231,923",**,**,850,"1,867","19,050","39,170","2,770",227,"1,230",615,"2,910","3,997","4,430",758,"13,850","33,047",70,107,"4,230","11,583",800,"5,115","1,160","7,015",900,759,"45,530","293,632",480,197,380,161,"3,610","6,551","2,030","1,994",230,303,"42,050","192,753","43,100","206,895",0,0,0,0,"8,310","15,733","37,650","102,042","36,770","99,171","1,200","2,871",
16,"$75,000 under $100,000","31,390","6,040","23,460","1,440","28,380","1,600","18,490","20,670","76,100","21,290",210,80,130,0,"2,500","11,350","2,719,090","31,390","2,745,906","26,540","1,954,915","13,950","13,871","8,980","31,868","8,330","22,499","2,880",802,"4,640","61,686","7,050","46,464","11,870","390,100",410,"2,500","12,694","9,000","188,579","1,680","21,746","9,870","26,816","1,260",327,100,"1,042",860,"6,270",880,"4,597","5,270","6,570","29,440","648,472","29,440","633,851","7,170","14,621","1,950","49,420","170,387",620,"14,661","1,590","5,775",320,383,"1,740","7,478",190,143,"1,840","12,274","1,950","12,986","1,460","10,347",**,**,50,32,30,40,"1,510","9,374",120,"1,329","4,990","15,720","31,360","2,003,285","31,300","248,150",0,0,330,"1,304","14,170","37,651","2,630",303,"1,420",750,"2,700","3,907",0,0,"11,550","32,021",50,112,"3,410","10,346",160,842,380,"2,228",300,347,"31,100","288,440",0,0,0,0,590,945,"1,990","2,004",20,70,"30,600","210,501","30,790","222,859",**,**,0,0,"6,300","15,642","25,000","80,785","24,240","78,174","1,070","2,611",
16,"$100,000 under $200,000","39,680","4,050","34,420",910,"35,900","2,230","24,090","21,530","108,510","34,450",100,40,60,0,"1,820","13,560","5,277,983","39,680","5,333,351","34,290","3,776,995","22,870","30,728","15,780","86,520","14,830","64,802","7,920","2,947","7,120","150,827","13,110","143,488","15,340","710,971",580,"2,470","12,720","9,860","245,223","4,040","100,343","14,950","55,368","2,910",803,410,"6,000","1,750","14,631","1,300","7,113","6,920","8,271","34,880","816,722","34,880","799,823","8,000","16,899","4,800","142,592","687,076",810,"20,613","4,350","26,630",410,598,"4,500","22,740",470,259,"4,580","39,341","4,790","41,761","3,820","36,080",70,364,120,59,110,436,"4,100","35,387",340,"7,253","8,960","48,157","39,650","4,267,212","39,620","626,476",**,**,180,926,"22,360","63,679","5,460",965,"2,880","1,665","4,480","6,609",0,0,"17,900","52,205",110,496,"5,460","24,303",**,**,200,"1,071",210,432,"39,440","656,217",0,0,0,0,100,204,"3,680","3,859",**,**,"39,460","562,797","39,490","591,862",170,52,70,18,"12,610","48,120","26,990","111,881","25,220","99,610","2,340","12,271",
16,"$200,000 under $500,000","8,980",840,"7,910",180,"8,190",570,"6,530","2,770","26,150","9,300",**,**,**,0,140,"3,010","2,558,166","8,980","2,598,233","7,860","1,637,166","7,100","22,563","5,790","83,105","5,580","66,072","2,350","2,339","2,130","128,571","5,490","151,246","3,250","213,240",150,210,"1,144","1,830","50,091","2,780","238,133","3,160","40,067",360,89,470,"11,537","1,170","13,420",220,"2,066",0,0,"5,730","135,722","5,730","132,884","1,340","2,838","3,240","123,555","968,745",170,"6,209","3,100","38,396",140,294,"3,080","21,964",230,113,"3,150","30,693","3,240","32,506","2,670","35,314",50,462,120,61,210,869,"2,960","37,778",210,"9,924","3,890","59,403","8,980","2,238,311","8,970","437,519",80,523,20,111,"6,350","19,263","2,840","2,220",630,352,0,0,0,0,"4,180","12,621",**,**,"1,990","15,856",0,0,30,116,30,107,"8,920","449,823",0,0,0,0,**,**,0,0,0,0,"8,970","418,256","8,970","443,856","3,530","2,694","4,500","4,861","4,260","46,726","4,700","52,113","3,490","31,097","1,580","21,015",
16,"$500,000 or more","1,910",200,"1,670",40,"1,800",100,"1,700",270,"5,500","1,980",0,0,0,0,**,710,"2,661,613","1,910","2,684,251","1,700","811,265","1,810","36,078","1,630","146,965","1,600","122,385",730,"6,877",520,"59,168","1,600","819,342",610,"41,569",40,**,**,360,"10,907","1,200","554,536",980,"22,638",30,6,160,"5,870",520,"7,125",30,352,0,0,730,"17,341",730,"16,915",200,427,"1,180","121,262","1,954,066",**,**,"1,150","51,746",30,54,"1,080","12,921",40,27,"1,170","11,629","1,180","12,551",820,"13,503",**,**,50,11,240,"5,303","1,130","53,824",130,"15,279","1,180","114,855","1,910","2,383,972","1,910","626,525",90,"1,000",**,**,"1,300","14,604","1,100","4,107",70,34,0,0,0,0,20,29,0,0,610,"5,939",0,0,**,**,**,**,"1,900","657,473",0,0,0,0,0,0,0,0,0,0,"1,910","611,920","1,910","641,951","1,260","5,076","1,760","18,146",950,"67,888",960,"82,852",430,"26,590",640,"56,262",
,,,,,,,,,,,,,,,,,,,,,,,,,,,,,,,,,,,,,,,,,,,,,,,,,,,,,,,,,,,,,,,,,,,,,,,,,,,,,,,,,,,,,,,,,,,,,,,,,,,,,,,,,,,,,,,,,,,,,,,,,,,,,,,,,,,,,,,,,,,,,,,,,,,,,,,
17,,"387,110","196,630","149,980","32,000","338,780","25,430","182,120","228,140","687,670","183,190","8,920","3,590","5,330",830,"36,600","117,780","32,345,184","385,870","32,714,318","314,370","22,338,381","142,940","248,015","103,270","866,842","96,400","658,654","32,110","29,919","50,030","933,065","84,800","1,919,203","110,780","3,140,619",770,"17,220","84,743","69,280","1,107,827","21,180","1,722,581","98,220","369,134","8,530","2,188","3,060","73,266","10,540","82,058","7,220","35,183","46,480","55,561","350,570","5,909,724","350,570","5,760,883","76,360","148,844","32,980","1,116,630","9,014,550","7,380","168,882","27,720","342,054","4,520","5,407","29,290","240,809","2,920","2,053","31,180","256,688","32,730","275,943","24,590","250,949",480,"3,733","1,020",658,"1,800","27,988","27,770","319,176","2,110","66,205","48,470","390,577","310,560","25,492,430","307,750","4,656,384",490,"5,361","6,360","8,370","133,660","291,333","32,820","25,756","13,600","7,502","19,710","24,220","19,770","3,522","86,330","205,135",570,"1,516","40,440","147,481","9,950","55,520","11,640","62,725","6,520","4,741","366,470","5,162,079","38,210","77,325","33,190","68,908","25,490","42,732","15,070","14,493","4,270","4,164","284,340","4,363,576","296,660","4,621,188","13,940","28,596","15,830","59,183","73,680","449,360","298,770","983,706","289,270","763,909","12,390","219,798",
17,Under $1,"3,530","2,400",880,130,"2,250",720,"2,030",710,"4,710",650,30,30,**,0,70,"1,780","-203,288","2,290","-200,539",650,"29,136","1,000","2,865",820,"7,451",760,"5,168",50,217,"1,060","-13,060","1,050","17,683",530,"7,697",60,**,**,**,**,570,"-63,499",570,"2,749",**,**,**,**,160,955,**,**,170,231,0,0,0,0,0,0,0,0,0,0,0,0,0,0,0,0,0,0,0,0,0,0,0,0,0,0,0,0,0,0,0,0,0,0,0,0,0,0,0,90,269,**,**,80,20,**,**,0,0,0,0,0,0,0,0,**,**,0,0,310,752,300,"2,259",320,"2,159",0,0,"1,470","9,338",210,179,130,128,100,208,100,96,210,268,90,251,460,"1,429",30,27,0,0,270,429,"1,360","8,494","1,250","6,455",150,"2,039",
17,"$1 under $10,000","53,830","47,400","3,380","2,520","44,760","4,860","21,010","24,970","38,230","5,620","2,700","1,020","1,680",330,"2,990","13,150","255,580","53,830","259,955","39,030","184,634","10,520","4,487","7,870","7,945","7,030","5,078",150,93,"4,370","13,454","5,790","4,570","9,930","46,662",40,650,"2,049",150,552,490,"-1,941","4,580","4,375",40,8,**,**,430,"1,385",110,380,900,880,"53,300","518,522","53,300","499,256","10,760","19,266",520,"12,100","2,617",410,"8,799",180,242,220,115,280,"1,363",40,15,430,"1,444",460,"1,558",180,"1,174",**,**,**,**,**,**,260,355,**,**,150,154,"2,720","5,281","1,600",373,0,0,320,117,370,54,260,9,0,0,30,7,**,**,40,22,0,0,"3,580","2,524","1,080","7,025","1,150","6,933",**,**,"43,090","28,598","10,750","9,749","9,510","8,810","2,500","1,608",990,868,690,583,"1,500",337,"5,460","3,030",0,0,0,0,"3,080","1,301","41,410","26,918","41,120","26,311",350,607,
17,"$10,000 under $25,000","59,640","42,520","8,020","7,980","52,050","3,750","24,830","40,010","79,920","18,210","2,840","1,190","1,640",310,"8,680","19,110","1,022,588","59,640","1,037,421","43,510","705,691","13,100","9,445","8,860","18,142","8,040","11,336",460,184,"6,850","57,745","6,410","15,845","16,870","197,861",70,"2,920","12,180","8,130","15,074",920,-127,"10,080","14,833",240,52,60,363,"1,010","3,125",450,"1,522","4,040","4,168","58,540","861,558","58,540","833,236","15,090","28,322","1,100","28,020","19,617",880,"18,906",460,919,490,322,690,"3,468",70,28,960,"3,796","1,030","4,107",440,"2,604",**,**,**,**,30,133,650,"1,625",70,671,"2,950","2,202","38,890","226,050","38,100","22,716",30,280,"1,310",561,"11,680","3,704",950,51,470,149,"2,450","1,257","4,650",741,"3,970","1,485",**,**,"5,760","9,581","3,390","19,219","3,470","18,913","1,930","1,025","55,240","133,986","15,110","42,492","12,960","38,343","8,750","14,775","2,030","1,748","1,810","1,477","31,020","19,012","35,230","29,992",**,**,0,0,"5,130","5,288","51,920","109,188","51,450","108,135",640,"1,053",
17,"$25,000 under $50,000","83,270","53,350","15,560","11,300","73,960","4,400","34,690","59,150","127,020","29,300","2,150",970,"1,180",190,"12,440","22,160","3,059,697","83,270","3,100,001","69,940","2,396,899","20,270","14,940","13,000","32,372","12,000","21,244","1,790",472,"7,940","84,634","9,790","31,318","20,350","366,898",110,"4,500","22,767","17,120","124,764","1,660","10,361","21,070","40,304","1,050",242,120,867,"1,530","6,764","1,480","5,886","13,570","16,277","80,900","1,241,470","80,900","1,212,223","14,950","29,247","2,370","57,696","90,541","1,390","30,397","1,470","2,860",720,633,"1,690","8,172",220,200,"2,120","10,138","2,310","11,155","1,220","7,644",40,291,60,57,40,82,"1,650","6,206",130,"1,482","7,140","11,213","82,360","1,750,043","81,610","191,659",**,**,"2,860","2,426","28,620","30,269","3,050",200,"1,820","1,002","4,710","5,374","11,740","2,184","16,110","21,262",120,102,"6,160","14,964","4,080","20,501","4,460","22,566","3,020","1,768","81,420","324,799","11,860","24,800","10,370","21,545","10,520","20,327","2,670","2,403","1,280","1,386","69,350","161,393","71,970","179,264",30,22,0,0,"10,300","15,009","72,480","160,016","71,750","157,698","1,040","2,318",
17,"$50,000 under $75,000","55,220","27,570","20,350","5,330","48,750","3,190","26,600","36,240","98,280","22,890",730,230,500,**,"5,600","18,040","3,405,761","55,220","3,445,171","46,350","2,538,188","20,070","17,913","13,220","41,834","12,290","28,624","3,570",950,"6,300","77,588","10,330","48,315","17,350","440,234",100,"3,190","16,396","13,850","225,750","1,890","16,706","16,520","39,410","1,200",296,160,"1,357","1,300","7,452","1,510","6,855","10,100","12,367","51,410","902,707","51,410","880,273","11,550","22,435","3,810","86,212","240,575","1,470","30,326","2,920","8,264",770,756,"3,240","15,934",410,259,"3,540","22,016","3,770","23,313","2,590","17,389",70,437,60,61,50,279,"2,910","11,890",190,"1,865","6,580","15,502","55,070","2,398,432","54,950","296,591",**,**,"1,050","2,327","19,460","37,260","3,840",389,"1,350",692,"3,420","4,497","3,380",597,"13,280","30,435",100,197,"4,890","14,201",890,"5,422","1,380","7,779",910,782,"54,490","370,177",280,105,220,82,"2,940","4,778","2,140","2,101",240,359,"51,800","259,332","52,680","275,960",**,**,0,0,"10,600","21,132","44,500","114,660","43,580","110,227","1,270","4,433",
17,"$75,000 under $100,000","39,760","11,800","24,810","2,310","35,050","2,430","20,370","25,240","87,440","22,940",260,70,200,0,"3,120","13,940","3,453,242","39,760","3,488,157","33,770","2,529,512","18,090","18,894","12,490","48,167","11,590","33,964","4,490","1,270","5,590","78,944","9,950","60,108","14,280","458,752",90,"2,370","12,100","10,650","229,089","2,010","24,248","12,030","34,915","1,340",333,190,"1,995",980,"7,077","1,180","5,974","6,290","7,958","35,470","739,631","35,470","722,289","8,590","17,343","4,290","98,174","374,891","1,070","23,468","3,550","13,353",670,810,"3,870","20,349",450,315,"4,050","30,104","4,280","31,701","3,320","23,341",70,389,110,92,70,186,"3,420","15,520",220,"3,063","6,190","18,251","39,710","2,594,428","39,640","337,373",**,**,410,"1,385","16,840","41,632","3,900",480,"1,840","1,007","2,900","4,111",0,0,"13,000","35,121",100,215,"4,380","13,956",190,950,490,"2,519",330,402,"39,410","385,147",0,0,0,0,570,813,"2,030","2,011",40,91,"39,000","295,741","39,220","311,876",**,**,0,0,"8,710","22,294","30,980","94,886","30,020","91,253","1,280","3,633",
17,"$100,000 under $200,000","65,620","9,150","53,910","1,880","58,310","4,170","34,670","34,450","174,480","55,020",210,80,130,0,"3,300","21,110","8,966,682","65,620","9,055,517","57,710","6,748,135","38,370","47,663","28,190","158,353","26,560","116,926","14,020","5,278","11,430","237,797","23,710","237,853","22,900","1,015,344",190,"3,100","16,181","14,680","375,458","5,800","129,060","24,370","88,835","3,850","1,053",800,"12,498","2,360","20,223","2,140","11,191","11,410","13,680","55,480","1,279,270","55,480","1,254,227","12,010","25,044","10,130","283,100","1,443,968","1,730","40,811","9,050","53,517","1,010","1,460","9,450","63,066","1,010",617,"9,580","85,757","10,120","91,374","8,140","73,571",150,"1,055",340,236,350,"1,324","8,830","61,341",680,"12,163","14,650","67,532","65,590","7,328,842","65,540","1,110,180",60,365,290,"1,338","37,590","103,676","10,330","2,341","5,680","3,324","6,200","8,974",0,0,"29,430","85,195",160,504,"9,100","38,048",20,144,330,"1,619",270,488,"65,270","1,144,242",0,0,0,0,110,223,"5,110","5,266",**,**,"65,380","1,006,504","65,420","1,051,002",490,118,160,43,"22,420","83,722","43,120","175,403","40,680","157,574","3,320","17,830",
17,"$200,000 under $500,000","21,200","1,970","18,630",450,"19,070","1,540","13,650","6,700","62,610","22,840",**,**,**,0,400,"6,640","6,113,562","21,200","6,192,369","19,000","4,317,339","16,780","45,423","14,460","191,108","13,880","148,243","5,650","4,911","4,920","239,870","13,400","340,168","6,990","463,056",80,460,"2,878","3,820","109,610","5,030","381,861","6,600","78,807",760,192,"1,100","28,555","1,800","21,134",290,"2,759",0,0,"13,640","323,081","13,640","316,891","2,930","6,190","7,560","273,395","2,308,766",410,"14,786","7,050","89,170",490,996,"7,110","74,220",600,431,"7,350","72,054","7,560","76,353","6,340","84,221",100,926,310,167,570,"4,613","6,970","74,688",480,"17,084","8,130","88,846","21,190","5,426,296","21,190","1,072,043",170,"1,204",40,196,"15,570","45,903","7,380","6,262","2,180","1,168",0,0,0,0,"10,460","31,577",90,498,"4,500","31,787",0,0,40,237,60,276,"21,070","1,086,158",0,0,0,0,**,**,0,0,0,0,"21,170","1,026,141","21,190","1,081,562","9,640","7,719","11,070","11,835","10,520","103,454","10,630","106,529","8,400","69,405","2,800","37,124",
17,"$500,000 or more","5,040",470,"4,440",100,"4,580",370,"4,270",670,"14,980","5,720",0,0,0,0,**,"1,850","6,271,360","5,040","6,336,266","4,410","2,888,847","4,740","86,385","4,360","361,470","4,250","288,071","1,930","16,544","1,570","156,093","4,370","1,163,343","1,580","144,115",30,30,192,880,"27,530","2,810","1,225,912","2,400","64,906",50,12,630,"27,631",970,"13,943",60,616,0,0,"1,830","43,485","1,830","42,488",480,997,"3,200","277,933","4,533,575",20,"1,389","3,040","173,729",150,315,"2,960","54,237",120,188,"3,150","31,379","3,200","36,382","2,360","41,005",50,635,140,45,690,"21,371","3,080","147,551",340,"29,877","2,680","186,877","5,030","5,763,058","5,030","1,625,180",230,"3,512",**,**,"3,530","28,835","3,110","16,024",260,160,0,0,0,0,40,38,**,**,"1,760","21,668",0,0,**,**,**,**,"5,010","1,679,634",0,0,0,0,0,0,0,0,0,0,"5,030","1,594,865","5,030","1,687,073","3,750","20,710","4,600","47,305","2,650","196,731","2,370","187,612","1,020","36,851","1,540","150,761",
,,,,,,,,,,,,,,,,,,,,,,,,,,,,,,,,,,,,,,,,,,,,,,,,,,,,,,,,,,,,,,,,,,,,,,,,,,,,,,,,,,,,,,,,,,,,,,,,,,,,,,,,,,,,,,,,,,,,,,,,,,,,,,,,,,,,,,,,,,,,,,,,,,,,,,,
18,,"356,980","202,460","104,860","41,440","311,590","23,330","145,810","226,600","591,210","153,580","12,370","7,390","5,000","2,410","47,470","98,220","23,412,564","355,540","23,665,092","295,040","16,593,186","108,050","166,942","74,870","582,698","69,510","443,215","21,840","20,733","45,100","655,417","60,490","1,364,034","89,160","2,389,931",190,"15,540","74,848","55,830","841,840","14,590","958,305","88,470","252,528","6,390","1,612","1,930","42,035","7,720","51,234","5,690","24,735","45,450","55,285","331,340","5,320,667","331,340","5,198,903","63,760","121,766","22,160","738,290","5,274,138","5,680","124,206","18,470","225,262","3,050","3,723","18,780","130,845","2,020","1,534","20,570","161,402","21,940","175,974","15,420","135,793",280,"1,840",640,375,"1,160","21,192","18,100","226,907","1,580","49,868","36,740","225,016","280,450","17,744,720","278,630","3,035,639",380,"4,076","5,760","6,557","111,080","201,074","22,790","18,221","10,360","5,635","18,570","21,075","21,550","3,855","67,600","137,212",520,"1,091","35,810","103,280","9,590","48,545","11,040","53,804","7,180","4,828","340,190","3,588,096","52,660","117,320","47,090","106,510","34,400","57,120","13,200","12,190","4,210","3,739","250,120","2,834,564","264,150","3,010,165","7,670","14,120","9,330","41,381","58,910","275,481","286,640","847,923","279,890","708,137","8,970","139,789",
18,Under $1,"3,470","2,520",710,130,"2,070",820,"1,690",850,"4,430",500,80,50,30,0,120,"1,700","-246,022","2,030","-243,506",600,"23,875",770,"3,477",650,"4,389",580,"3,121",50,79,"1,010","-17,903",840,"8,689",420,"5,803",**,30,121,**,**,450,"-41,859",530,"2,516",**,**,**,**,150,723,20,88,180,250,0,0,0,0,0,0,0,0,0,0,0,0,0,0,0,0,0,0,0,0,0,0,0,0,0,0,0,0,0,0,0,0,0,0,0,**,**,0,0,80,98,**,**,70,14,**,**,0,0,0,0,**,**,0,0,**,**,0,0,290,524,310,"2,137",330,"1,993",0,0,"1,440","7,147",210,185,130,123,60,126,130,125,240,274,70,88,420,782,**,**,0,0,230,204,"1,350","6,630","1,280","5,066",110,"1,564",
18,"$1 under $10,000","50,170","42,460","2,800","4,380","42,180","4,130","16,770","27,520","44,610","9,030","3,570","2,230","1,340",970,"4,880","11,460","250,661","50,170","254,864","37,550","192,678","7,960","3,530","5,520","6,047","4,910","3,844",160,65,"4,790","15,307","3,850","2,809","8,230","38,861",40,790,"2,352",110,528,450,-903,"4,980","4,203",50,11,**,**,410,"1,062",90,266,"1,040","1,034","49,820","535,388","49,820","519,223","9,130","16,165",350,"7,523","1,793",260,"5,385",150,237,120,65,170,795,30,23,280,954,310,"1,057",110,681,**,**,**,**,**,**,160,249,**,**,90,65,"1,560","3,107","1,090",299,0,0,270,103,210,36,140,4,0,0,20,8,**,**,30,16,0,0,"3,920","2,717","1,030","6,375","1,080","6,141",**,**,"42,190","34,639","14,850","15,014","13,430","13,825","4,140","2,628","1,270","1,119",680,578,"1,030",272,"5,380","3,128",0,0,0,0,"2,860","1,292","40,530","32,834","40,350","32,541",240,294,
18,"$10,000 under $25,000","68,690","46,720","7,080","13,690","60,690","3,990","24,760","49,750","100,180","29,430","4,290","2,720","1,580",930,"14,310","17,910","1,179,847","68,690","1,195,752","53,520","878,769","11,400","7,615","7,280","13,928","6,590","8,836",420,152,"8,930","73,266","5,120","10,721","15,490","182,899",**,"3,640","14,561","7,120","13,089",850,"1,703","12,420","15,905",290,63,60,291,930,"2,471",490,"1,564","4,590","4,713","67,760","992,892","67,760","967,514","13,870","25,378",920,"20,961","16,498",710,"13,579",410,594,360,248,570,"2,472",80,59,770,"2,769",850,"3,107",350,"2,118",**,**,**,**,30,60,540,"1,429",50,475,"3,390","2,388","45,030","257,731","44,340","25,958",30,100,"1,250",467,"15,130","5,103",730,36,760,238,"3,270","1,703","5,420",905,"6,170","2,192",30,15,"7,580","12,047","3,460","17,620","3,540","17,152","2,380","1,263","64,810","179,898","22,440","69,550","19,910","63,282","14,290","24,330","2,560","2,212","1,890","1,474","34,060","20,855","39,860","34,496",**,**,0,0,"5,360","5,799","61,240","150,999","60,890","150,235",500,764,
18,"$25,000 under $50,000","91,670","59,930","13,690","14,900","81,360","4,970","32,610","67,280","139,800","35,430","3,190","1,950","1,240",510,"16,490","21,060","3,329,730","91,670","3,371,052","79,660","2,743,955","18,810","12,954","11,580","26,576","10,560","17,723","1,700",523,"8,630","76,158","8,620","26,974","18,690","337,584",20,"4,580","22,851","15,150","108,507","1,560","10,074","23,750","41,322","1,230",288,90,646,"1,360","5,550","1,530","5,264","16,090","19,818","89,550","1,340,496","89,550","1,314,339","13,690","26,157","2,120","46,850","80,814","1,240","22,229","1,400","2,948",570,510,"1,480","6,796",260,155,"1,850","8,614","2,060","9,599","1,110","6,618",40,191,50,29,40,229,"1,520","6,512",110,"1,065","7,160","10,759","91,030","1,926,917","90,460","211,296",**,**,"2,720","2,112","33,200","35,395","2,650",183,"2,470","1,418","5,990","6,762","13,290","2,458","19,260","24,274",140,144,"6,490","13,871","3,900","17,366","4,300","19,346","3,390","1,977","89,940","362,222","14,920","32,481","13,430","29,207","13,040","25,341","2,940","2,537","1,180","1,080","75,430","175,901","78,130","192,704",40,81,0,0,"10,670","14,657","80,590","183,386","79,910","181,395",980,"1,991",
18,"$50,000 under $75,000","51,530","28,490","16,310","4,900","45,100","3,160","21,760","34,240","86,900","19,260",790,290,510,**,"6,090","15,160","3,162,325","51,530","3,197,051","44,260","2,450,781","17,550","15,276","11,240","34,490","10,340","23,673","3,010",762,"5,830","65,314","8,640","38,454","14,420","364,990",30,"2,560","13,548","11,460","182,065","1,560","16,777","16,340","34,726",970,236,120,"1,277","1,000","5,376","1,300","5,312","10,850","13,744","48,510","815,112","48,510","796,831","9,590","18,282","3,020","63,894","190,775","1,120","20,095","2,370","7,734",550,542,"2,500","11,106",310,225,"2,770","16,967","3,000","18,243","2,050","12,103",40,222,70,48,40,108,"2,260","10,133",190,"2,300","5,620","13,149","51,460","2,264,895","51,360","283,545",**,**,930,"1,807","16,870","31,249","3,180",306,"1,200",629,"3,170","4,029","2,840",492,"11,170","25,130",110,184,"4,400","11,474",750,"4,413","1,190","6,251",870,749,"50,970","347,024",240,90,190,73,"2,390","3,897","1,760","1,676",190,293,"48,820","252,296","49,490","265,910",**,**,0,0,"9,770","18,812","41,680","99,241","40,920","96,779","1,010","2,463",
18,"$75,000 under $100,000","31,970","11,370","17,930","1,950","27,850","2,000","15,120","20,060","66,020","16,210",280,90,190,0,"2,840","10,750","2,770,788","31,970","2,794,685","27,430","2,071,682","13,950","12,982","9,440","37,397","8,770","26,650","3,400",967,"4,390","56,832","7,540","48,329","10,780","351,449",20,"1,760","9,289","8,170","172,355","1,480","18,865","9,490","23,897","1,160",290,130,"1,264",720,"4,429",760,"3,804","5,100","6,264","28,740","574,510","28,740","561,274","6,680","13,236","3,240","71,923","282,252",810,"17,495","2,690","11,696",490,577,"2,840","13,035",310,233,"2,990","21,878","3,220","23,396","2,390","14,971",50,322,80,39,70,119,"2,540","12,182",210,"2,839","4,610","13,214","31,930","2,107,639","31,890","281,147",**,**,300,917,"12,470","29,456","3,020",437,"1,280",707,"2,270","3,164",0,0,"9,250","24,399",80,155,"3,380","9,999",140,634,350,"1,618",300,325,"31,700","319,790",0,0,0,0,400,636,"1,520","1,477",30,40,"31,440","251,691","31,550","263,478",**,**,0,0,"7,200","18,253","24,720","74,015","23,980","70,670","1,020","3,346",
18,"$100,000 under $200,000","44,300","8,700","33,830","1,210","38,820","3,090","22,650","22,960","109,130","31,090",170,60,110,0,"2,540","14,570","5,969,974","44,300","6,025,695","38,840","4,445,694","25,160","33,995","18,310","112,410","17,240","82,864","8,930","3,450","7,560","148,285","15,490","166,295","15,740","693,496",40,"1,930","10,532","10,390","260,856","3,790","90,099","15,740","55,721","2,280",616,530,"8,012","1,520","12,321","1,280","6,506","7,600","9,462","37,760","847,907","37,760","830,457","8,450","17,450","6,540","179,856","920,199","1,200","30,913","5,830","40,141",630,969,"5,830","34,518",650,511,"6,130","53,595","6,530","57,981","4,960","39,486",80,434,220,173,220,"1,463","5,520","38,077",510,"10,482","9,470","43,192","44,270","4,894,790","44,240","749,499",50,178,190,913,"22,770","58,533","6,800","1,581","3,310","1,908","3,850","5,409",0,0,"16,830","47,162",110,303,"5,960","23,696",**,**,210,"1,068",180,313,"44,040","776,431",0,0,0,0,80,162,"3,020","3,044",**,**,"44,110","690,966","44,150","718,889",380,102,130,42,"15,160","58,085","29,060","114,504","27,420","103,157","2,240","11,347",
18,"$200,000 under $500,000","12,430","1,890","10,200",240,"11,050",940,"8,110","3,600","32,770","10,180",**,**,**,0,200,"4,430","3,564,395","12,430","3,608,997","10,820","2,370,389","9,860","27,455","8,430","135,468","8,140","105,810","3,170","3,271","3,090","139,849","7,970","237,770","4,420","316,427",40,250,"1,594","2,800","83,507","2,960","226,874","3,960","44,602",390,102,680,"16,742","1,130","12,255",190,"1,632",0,0,"8,160","190,062","8,160","185,674","2,030","4,389","4,260","159,172","1,287,674",310,"12,429","3,980","58,918",260,584,"3,860","36,224",300,248,"4,100","39,960","4,260","43,154","3,290","41,040",70,671,160,64,340,"2,423","3,910","47,367",310,"12,101","4,930","52,650","12,420","3,160,861","12,420","627,328",120,763,30,224,"8,440","23,771","4,510","4,515","1,150",625,0,0,0,0,"4,890","14,039",50,290,"2,830","18,631",0,0,40,235,60,201,"12,360","637,084",0,0,0,0,0,0,0,0,0,0,"12,410","603,557","12,420","636,624","5,340","4,141","6,680","7,721","6,270","64,620","6,120","64,213","4,630","37,667","1,910","26,546",
18,"$500,000 or more","2,750",380,"2,310",40,"2,470",230,"2,340",340,"7,370","2,450",0,0,0,0,**,"1,180","3,430,866","2,750","3,460,502","2,360","1,415,363","2,590","49,658","2,420","211,993","2,380","170,694","1,000","11,464",870,"98,309","2,420","823,993",970,"98,422",**,**,**,630,"20,933","1,490","636,675","1,260","29,636",20,6,320,"13,803",500,"7,047",30,299,0,0,"1,040","24,300","1,040","23,591",320,709,"1,710","188,111","2,494,133",30,"2,081","1,640","102,994",70,228,"1,530","25,899",80,80,"1,680","16,665","1,710","19,437","1,160","18,776",**,**,60,22,420,"16,790","1,650","110,958",200,"20,606","1,470","89,599","2,750","3,128,780","2,750","856,469",180,"3,035",**,**,"1,990","17,531","1,760","11,159",190,110,0,0,0,0,**,**,**,**,960,"10,321",0,0,**,**,**,**,"2,740","923,861",0,0,0,0,0,0,0,0,0,0,"2,750","838,938","2,750","894,154","1,910","9,796","2,520","33,618","1,390","93,759","1,350","122,101",510,"30,627",960,"91,474",
"** - Not shown to avoid disclosure of information 
about specific taxpayers.  However, the data are 
combined with data in an adjacent size class, 
as appropriate, and included in the appropriate totals.",,,,,,,,,,,,,,,,,,,,,,,,,,,,,,,,,,,,,,,,,,,,,,,,,,,,,,,,,,,,,,,,,,,,,,,,,,,,,,,,,,,,,,,,,,,,,,,,,,,,,,,,,,,,,,,,,,,,,,,,,,,,,,,,,,,,,,,,,,,,,,,,,,,,,,,
"[1] Congressional districts were assigned by using a commercial data file 
to match the ZIP code on the individual income tax return to its resulting 
congressional district.",,,,,,,,,,,,,,,,,,,,,,,,,,,,,,,,,,,,,,,,,,,,,,,,,,,,,,,,,,,,,,,,,,,,,,,,,,,,,,,,,,,,,,,,,,,,,,,,,,,,,,,,,,,,,,,,,,,,,,,,,,,,,,,,,,,,,,,,,,,,,,,,,,,,,,,
"[2] Beginning in 2018, personal exemption deductions were suspended 
for the primary, secondary, and dependent taxpayers. However, the 
data used to create the “Number of individuals”—filing status, dependent 
status indicator, and identifying dependent information—are still available 
on the Form 1040. This field is based on these data.",,,,,,,,,,,,,,,,,,,,,,,,,,,,,,,,,,,,,,,,,,,,,,,,,,,,,,,,,,,,,,,,,,,,,,,,,,,,,,,,,,,,,,,,,,,,,,,,,,,,,,,,,,,,,,,,,,,,,,,,,,,,,,,,,,,,,,,,,,,,,,,,,,,,,,,
"[3] The ""Number of volunteer prepared returns"" shows counts of 
returns prepared by IRS-certified volunteers to taxpayers with 
limited income, persons with disabilities, limited English speaking 
taxpayers, current and former members of the military, and 
taxpayers who are 60 years of age and older.",,,,,,,,,,,,,,,,,,,,,,,,,,,,,,,,,,,,,,,,,,,,,,,,,,,,,,,,,,,,,,,,,,,,,,,,,,,,,,,,,,,,,,,,,,,,,,,,,,,,,,,,,,,,,,,,,,,,,,,,,,,,,,,,,,,,,,,,,,,,,,,,,,,,,,,
"[4] These data do not distinguish between refund anticipation 
loans and refund advances.",,,,,,,,,,,,,,,,,,,,,,,,,,,,,,,,,,,,,,,,,,,,,,,,,,,,,,,,,,,,,,,,,,,,,,,,,,,,,,,,,,,,,,,,,,,,,,,,,,,,,,,,,,,,,,,,,,,,,,,,,,,,,,,,,,,,,,,,,,,,,,,,,,,,,,,
[5] Includes primary taxpayers 60 years of age or older.,,,,,,,,,,,,,,,,,,,,,,,,,,,,,,,,,,,,,,,,,,,,,,,,,,,,,,,,,,,,,,,,,,,,,,,,,,,,,,,,,,,,,,,,,,,,,,,,,,,,,,,,,,,,,,,,,,,,,,,,,,,,,,,,,,,,,,,,,,,,,,,,,,,,,,,
[6] Less deficit.,,,,,,,,,,,,,,,,,,,,,,,,,,,,,,,,,,,,,,,,,,,,,,,,,,,,,,,,,,,,,,,,,,,,,,,,,,,,,,,,,,,,,,,,,,,,,,,,,,,,,,,,,,,,,,,,,,,,,,,,,,,,,,,,,,,,,,,,,,,,,,,,,,,,,,,
"[7] ""Qualified dividends"" are ordinary dividends received 
in tax years beginning after 2002 that meet certain 
conditions and receive preferential tax rates. 
The maximum qualified dividends tax rate is 20%.",,,,,,,,,,,,,,,,,,,,,,,,,,,,,,,,,,,,,,,,,,,,,,,,,,,,,,,,,,,,,,,,,,,,,,,,,,,,,,,,,,,,,,,,,,,,,,,,,,,,,,,,,,,,,,,,,,,,,,,,,,,,,,,,,,,,,,,,,,,,,,,,,,,,,,,
"[8] Includes the Alaskan permanent fund, reported by 
residents of Alaska on Form 1040. This fund only applies 
to statistics in the totals, and the state of Alaska.",,,,,,,,,,,,,,,,,,,,,,,,,,,,,,,,,,,,,,,,,,,,,,,,,,,,,,,,,,,,,,,,,,,,,,,,,,,,,,,,,,,,,,,,,,,,,,,,,,,,,,,,,,,,,,,,,,,,,,,,,,,,,,,,,,,,,,,,,,,,,,,,,,,,,,,
"[9] ""Earned income credit"" includes both the refundable 
and non-refundable portions.  The non-refundable portion 
could reduce income tax and certain related taxes to zero. 
The earned income credit amounts in excess of total tax 
liability, or amounts when there was no tax liability at all, 
were refundable.  See footnote 10 below for explanation 
of the refundable portion of the earned income credit.",,,,,,,,,,,,,,,,,,,,,,,,,,,,,,,,,,,,,,,,,,,,,,,,,,,,,,,,,,,,,,,,,,,,,,,,,,,,,,,,,,,,,,,,,,,,,,,,,,,,,,,,,,,,,,,,,,,,,,,,,,,,,,,,,,,,,,,,,,,,,,,,,,,,,,,
"[10] The refundable portion of the ""earned income credit"" 
equals ""total income tax"" minus the ""earned income credit.""  
If the result is negative, this amount is considered the 
refundable portion.  No other refundable credits were 
taken into account for this calculation.",,,,,,,,,,,,,,,,,,,,,,,,,,,,,,,,,,,,,,,,,,,,,,,,,,,,,,,,,,,,,,,,,,,,,,,,,,,,,,,,,,,,,,,,,,,,,,,,,,,,,,,,,,,,,,,,,,,,,,,,,,,,,,,,,,,,,,,,,,,,,,,,,,,,,,,
"[11] ""Total tax liability"" differs from ""Income tax,"" in that
""Total tax liability"" includes the taxes from recapture of 
certain prior-year credits, tax applicable to individual 
retirement arrangements (IRA's), social security taxes 
on self-employment income and on certain tip income, 
advanced earned income payments, household
employment taxes, and certain ""other taxes"" listed 
in the Form 1040 instructions.",,,,,,,,,,,,,,,,,,,,,,,,,,,,,,,,,,,,,,,,,,,,,,,,,,,,,,,,,,,,,,,,,,,,,,,,,,,,,,,,,,,,,,,,,,,,,,,,,,,,,,,,,,,,,,,,,,,,,,,,,,,,,,,,,,,,,,,,,,,,,,,,,,,,,,,
"[12] Reflects payments to or withholdings made to 
""Total tax liability"".  This is the amount the tax filer 
owes when the income tax return is filed.",,,,,,,,,,,,,,,,,,,,,,,,,,,,,,,,,,,,,,,,,,,,,,,,,,,,,,,,,,,,,,,,,,,,,,,,,,,,,,,,,,,,,,,,,,,,,,,,,,,,,,,,,,,,,,,,,,,,,,,,,,,,,,,,,,,,,,,,,,,,,,,,,,,,,,,
"[13]  The amount of overpayments the tax filer requested to 
have refunded. ",,,,,,,,,,,,,,,,,,,,,,,,,,,,,,,,,,,,,,,,,,,,,,,,,,,,,,,,,,,,,,,,,,,,,,,,,,,,,,,,,,,,,,,,,,,,,,,,,,,,,,,,,,,,,,,,,,,,,,,,,,,,,,,,,,,,,,,,,,,,,,,,,,,,,,,
"NOTE: This table presents aggregates of all returns filed and
processed through the Individual Master File (IMF) system 
during Calendar Year 2019, including any returns filed for 
tax years preceding 2018.",,,,,,,,,,,,,,,,,,,,,,,,,,,,,,,,,,,,,,,,,,,,,,,,,,,,,,,,,,,,,,,,,,,,,,,,,,,,,,,,,,,,,,,,,,,,,,,,,,,,,,,,,,,,,,,,,,,,,,,,,,,,,,,,,,,,,,,,,,,,,,,,,,,,,,,
"This table is based on tax returns as initially processed by IRS
and does not reflect amended returns or errors that were
corrected after initial processing. In general, during administrative 
or Master File processing, taxpayer reporting discrepancies are 
corrected only to the extent necessary. These statistics should, 
therefore, be used with the knowledge that some of the 
data have not been perfected or edited for statistical purposes 
and that State totals in this table may not be altogether 
comparable to other State totals published by the IRS, 
Statistics of Income Division. ",,,,,,,,,,,,,,,,,,,,,,,,,,,,,,,,,,,,,,,,,,,,,,,,,,,,,,,,,,,,,,,,,,,,,,,,,,,,,,,,,,,,,,,,,,,,,,,,,,,,,,,,,,,,,,,,,,,,,,,,,,,,,,,,,,,,,,,,,,,,,,,,,,,,,,,
Detail may not add to totals because of rounding.,,,,,,,,,,,,,,,,,,,,,,,,,,,,,,,,,,,,,,,,,,,,,,,,,,,,,,,,,,,,,,,,,,,,,,,,,,,,,,,,,,,,,,,,,,,,,,,,,,,,,,,,,,,,,,,,,,,,,,,,,,,,,,,,,,,,,,,,,,,,,,,,,,,,,,,
"SOURCE: IRS, Statistics of Income Division, 
Individual Master File System, September 2020.",,,,,,,,,,,,,,,,,,,,,,,,,,,,,,,,,,,,,,,,,,,,,,,,,,,,,,,,,,,,,,,,,,,,,,,,,,,,,,,,,,,,,,,,,,,,,,,,,,,,,,,,,,,,,,,,,,,,,,,,,,,,,,,,,,,,,,,,,,,,,,,,,,,,,,,
